g3 5i 5b
[0.3251609238924649, 0.2056939461715125, 0.1449026559350418, 0.1657993606048584, 0.1663453214763515, 0.18177537006359193, 0.4412780039520986, 0.21329618723514362, 0.10137486947441714, 0.0750518630814648, 0.08117978842131289, 0.07225374535657426]

g3 10i 5b
[0.3238396125205099, 0.15585362284033058, 0.10235676972432792, 0.10263769942205542, 0.09849394034783968, 0.10040925203512709, 0.43669499797633443, 0.1891468152510595, 0.06678558997563547, 0.04218031064655974, 0.04130829941792476, 0.03913744540147772]

g3 5i 90d tb-120
RNAPProdRates: [0.3184163195759182, 0.11820951980666167, 0.07152641739772306, 0.08191277934644799, 0.0758768133050025, 0.09175328203209891, 0.435549246482393, 0.19570762729297814, 0.056996171249565, 0.041307614564217124, 0.03663866557068106, 0.04214801812466831]

g3 10i 90d tb-120
RNAPProdRates: [0.3132099583491102, 0.11211140965790538, 0.06042749056014538, 0.06266821070481249, 0.05613067923567275, 0.06318858102210588, 0.43055704354450874, 0.1828651867002863, 0.05264531848242257, 0.03403514721136201, 0.024066574443486578, 0.021074009062334163]

g3 5i 95d tb-120
RNAPProdRates: [0.3246481761958855, 0.12688759963373827, 0.07460945263038359, 0.0898079869942983, 0.08755016919807976, 0.10906522203815536, 0.4398048948884603, 0.19989537966016005, 0.0648277062304212, 0.045961993670044415, 0.04094909681429049, 0.04616211508892245]

g3 10i 95d tb-120
RNAPProdRates: [0.3238396125205099, 0.11750589171257449, 0.06721016807199844, 0.07500447265457887, 0.061285118438655875, 0.07184455102513405, 0.43669499797633443, 0.1891468152510595, 0.05590845805777934, 0.037235032846618235, 0.03196903172343739, 0.02458634390605653]