	J10	J11	J12	J13	K10	K11	K12	K13	L10	L11	L12	L13	M10	M11	M12	M13	N10	N11	N12	N13	O10	O11	O12	O13
0	565	565	607	633	534	526	587	599	527	550	615	611	547	527	597	626	517	542	626	589	557	583	626	588
60	558	554	631	621	553	513	632	610	520	530	605	607	519	502	599	634	556	538	601	615	561	572	649	613
120	522	542	666	626	549	540	617	624	528	539	603	619	503	518	602	622	546	544	636	581	538	569	648	606
180	529	514	631	617	533	562	604	623	525	543	611	624	511	531	586	641	524	537	603	615	572	571	629	612
240	523	531	634	607	522	541	589	592	530	552	605	624	518	530	622	631	503	536	602	606	540	556	615	600
300	515	515	645	633	541	537	588	579	520	544	627	623	536	515	598	634	528	526	608	606	535	551	629	608
360	500	533	635	624	532	508	598	585	512	536	574	617	504	498	601	611	509	530	611	618	520	539	622	605
420	514	543	604	633	515	496	588	591	515	529	588	613	505	501	624	605	507	547	612	620	562	541	595	628
480	496	521	622	621	529	514	608	607	501	501	586	594	503	517	604	600	511	537	599	620	536	545	585	601
540	496	531	602	631	505	507	585	601	512	514	597	649	506	506	606	610	477	506	628	620	533	515	624	594
600	480	535	637	613	511	524	598	602	506	499	606	606	496	517	603	613	499	522	629	614	517	557	613	608
660	500	518	626	615	483	492	596	593	509	525	596	590	506	512	608	621	483	502	605	577	506	531	621	610
720	502	490	635	614	499	521	606	607	489	510	601	599	491	524	576	625	495	489	595	598	507	539	612	614
780	482	513	611	630	513	515	594	623	515	528	596	571	480	510	627	625	484	522	606	609	513	545	632	610
840	501	518	593	624	505	492	599	580	512	500	586	609	507	514	580	604	489	518	616	572	529	524	617	599
900	504	514	621	615	521	486	597	631	495	520	600	603	482	503	590	629	501	498	625	606	516	512	600	592
960	468	498	611	602	516	503	605	597	476	516	566	596	503	495	596	644	505	505	589	594	515	548	615	615
1020	494	499	623	639	487	500	588	577	490	525	605	618	492	489	625	615	497	509	596	608	502	538	631	620
1080	476	509	617	605	501	502	618	605	479	517	599	607	499	517	580	620	497	489	599	594	500	537	613	596
1140	490	498	639	603	491	463	600	611	504	471	594	590	498	489	603	630	492	494	596	594	511	532	624	578
2785	465	489	646	634	494	477	632	612	481	495	617	623	509	470	594	650	469	534	637	630	503	511	614	618
2845	482	483	620	642	490	492	617	595	500	510	606	583	495	484	563	608	472	505	638	642	520	507	614	620
2905	479	492	598	628	465	487	585	626	486	471	621	589	488	471	589	598	469	485	600	612	520	521	617	602
2965	461	484	615	603	473	477	608	579	475	479	590	591	454	472	592	618	448	485	633	610	492	489	640	584
3025	449	500	605	609	456	475	594	591	483	492	573	579	456	466	565	612	464	475	607	587	478	486	604	595
3085	442	515	572	606	465	476	568	587	462	467	571	559	473	464	560	569	483	480	559	557	467	472	602	607
3145	433	507	603	618	454	477	589	569	463	468	588	558	451	454	573	612	435	462	579	568	473	479	573	588
3205	418	469	592	605	486	458	553	576	470	452	581	568	442	453	582	587	464	490	585	565	472	481	589	573
3265	452	460	567	574	454	454	554	586	450	472	579	537	457	456	571	569	446	463	580	573	461	461	574	612
3325	438	452	546	580	435	457	559	556	475	473	593	542	445	439	544	567	439	467	578	587	453	477	582	591
3385	420	444	577	587	464	463	565	568	466	429	565	551	432	459	555	597	447	465	568	588	476	451	565	571
3445	434	457	580	582	448	464	537	543	445	445	579	562	435	435	553	579	442	460	569	560	443	466	598	567
3505	438	438	609	558	432	442	554	578	462	442	564	533	453	440	545	572	442	453	583	544	448	472	570	577
3565	433	460	570	564	463	446	554	558	425	434	532	544	449	427	535	558	442	469	574	563	453	458	546	552
3625	419	450	568	573	431	434	533	535	439	443	541	548	451	457	527	559	444	450	576	561	459	443	550	579
3685	420	460	570	577	429	428	554	564	430	423	559	531	437	444	557	573	422	461	555	554	478	428	546	562
3745	428	457	567	588	409	448	534	547	436	449	543	531	425	405	533	575	429	447	535	573	450	435	542	578
3805	416	469	568	559	424	481	554	560	441	464	551	535	436	424	531	546	420	453	571	554	445	444	537	542
3865	416	464	575	591	443	453	544	563	417	439	531	505	442	435	562	543	424	441	540	544	469	449	550	545
3925	421	454	589	554	439	453	548	561	430	425	555	527	430	436	538	579	426	425	543	571	451	440	547	568
3985	428	454	563	543	431	424	561	525	411	423	551	539	438	431	524	542	439	435	539	560	439	429	538	556
4045	416	426	572	562	440	431	523	545	438	432	511	528	408	400	535	549	419	443	550	553	460	433	547	541
4105	447	440	546	541	448	436	566	539	443	427	544	531	419	435	523	576	419	441	550	566	455	441	569	574
4165	456	419	571	563	445	428	521	536	426	441	560	521	429	448	498	550	453	437	558	546	452	427	536	570
4225	416	445	565	558	449	444	550	561	432	428	536	543	419	448	531	549	427	427	554	556	441	442	560	557
4285	419	431	571	564	424	429	544	540	450	434	558	526	445	406	545	552	420	440	548	550	458	456	533	541
4345	427	431	554	568	429	426	540	537	428	422	532	528	429	415	527	546	432	429	546	557	441	450	549	538
5164	13884	2906	11222	4597	1598	1207	1612	1297	1060	904	1069	1025	2265	1211	1730	1310	1118	911	1052	1107	873	701	1002	828
5224	14230	2986	11581	4820	1646	1269	1700	1293	1112	908	1046	1061	2494	1319	1920	1341	1164	973	1093	1162	876	723	1036	847
5284	14748	3136	11999	4962	1660	1257	1693	1315	1112	899	1100	1066	2826	1388	2105	1397	1249	991	1119	1161	911	718	1080	862
5344	15598	3286	12442	5100	1736	1285	1696	1300	1076	926	1075	1050	3005	1460	2350	1487	1292	1031	1138	1176	919	734	1090	827
5404	16174	3538	13257	5420	1839	1356	1851	1316	1103	910	1100	1087	3422	1590	2571	1574	1354	1004	1182	1189	977	718	1091	847
5464	17139	3755	14038	5789	1876	1346	1907	1343	1143	970	1142	1061	3853	1662	2831	1671	1424	1099	1270	1247	950	726	1120	827
5524	18039	4023	14997	6310	2030	1420	1941	1388	1155	955	1115	1091	4266	1823	3151	1787	1516	1052	1296	1229	986	734	1102	858
5584	19308	4395	15963	6926	2062	1462	2019	1386	1162	985	1172	1110	4936	2023	3529	1901	1619	1165	1339	1332	971	716	1069	868
5644	20452	4808	17282	7476	2149	1474	2124	1435	1235	998	1201	1099	5704	2182	3967	2080	1700	1205	1371	1329	995	734	1189	845
5704	21820	5270	18650	8302	2302	1566	2233	1496	1266	1011	1185	1129	6390	2390	4394	2271	1819	1282	1471	1388	1041	762	1209	866
5764	23096	5898	20218	9187	2442	1641	2322	1488	1259	1043	1187	1154	7331	2590	5068	2499	2021	1298	1539	1400	1063	776	1201	886
5824	24564	6578	21647	10251	2573	1672	2425	1599	1339	1059	1198	1176	8219	2926	5722	2665	2161	1383	1614	1481	1098	786	1243	890
5884	26080	7196	23162	11158	2748	1736	2584	1610	1347	1080	1259	1212	9394	3223	6537	2975	2344	1449	1688	1559	1150	835	1291	951
5944	27616	7895	24825	12454	2886	1832	2648	1644	1485	1073	1288	1218	10517	3587	7256	3204	2507	1557	1775	1566	1194	822	1342	916
6004	28652	8735	26118	13740	3080	1947	2813	1683	1471	1142	1328	1240	11961	3912	8166	3510	2735	1585	1934	1685	1244	821	1361	896
6064	29971	9677	27926	15102	3271	2000	3030	1711	1529	1124	1349	1287	13137	4322	9101	3876	2927	1724	2036	1776	1289	875	1420	981
6124	31116	10522	29372	16617	3457	2106	3154	1762	1553	1195	1378	1326	14484	4743	9987	4159	3230	1743	2164	1825	1376	880	1471	981
6184	32311	11412	30718	17961	3697	2159	3273	1854	1636	1251	1398	1343	16105	5258	11116	4481	3475	1949	2265	1902	1377	882	1498	1024
6244	33108	12529	31924	19261	3848	2261	3440	1936	1671	1261	1467	1368	17595	5720	12018	4843	3721	1992	2407	1968	1434	898	1542	992
6304	33943	13758	33008	20856	4199	2375	3602	2015	1756	1308	1516	1392	19100	6265	13346	5202	3967	2067	2484	2100	1491	937	1634	1016
6364	34696	14586	34251	22523	4288	2492	3850	2011	1825	1313	1488	1447	20707	6787	14396	5606	4234	2201	2707	2142	1542	938	1623	1033
6424	35099	15744	35497	23805	4536	2610	4013	2100	1898	1381	1578	1488	22125	7330	15566	6072	4461	2342	2793	2212	1603	974	1715	1080
6484	35715	17019	36238	25505	4855	2747	4199	2167	1972	1442	1591	1526	23495	7879	16684	6505	4798	2433	2983	2325	1672	944	1760	1089
6544	36206	18449	36945	26989	5134	2873	4406	2251	1990	1480	1623	1566	25229	8539	17863	6888	5156	2607	3060	2416	1740	955	1807	1151
6604	36656	19710	37759	28411	5394	2943	4582	2267	2092	1534	1707	1550	26559	9032	19099	7269	5493	2700	3204	2530	1793	993	1851	1121
6664	36903	20985	38604	29706	5624	3105	4799	2381	2174	1552	1710	1642	27940	9752	20180	7833	5775	2785	3394	2605	1857	1029	1961	1170
6724	37277	22243	38945	31473	6038	3210	5065	2394	2261	1618	1819	1642	29304	10410	21483	8341	6203	2962	3576	2743	1925	1096	2048	1151
6784	37498	23504	39672	32612	6316	3353	5354	2524	2332	1664	1841	1710	30587	11093	22519	8882	6479	3010	3730	2804	2019	1104	2102	1187
6844	37548	24750	40015	33762	6676	3523	5567	2545	2434	1720	1838	1759	32071	11974	23574	9279	6874	3215	3840	2984	2038	1125	2134	1184
6904	37525	26010	40296	35172	6916	3666	5685	2704	2442	1754	1934	1801	32806	12506	25028	9797	7164	3353	4126	3015	2097	1133	2227	1252
6964	37846	27344	40469	36243	7329	3809	5919	2747	2580	1814	1977	1827	33831	13071	26084	10324	7465	3486	4172	3131	2178	1134	2264	1307
7024	37844	28356	40946	37332	7602	3981	6327	2824	2642	1868	2003	1888	34711	13925	27101	10722	7883	3666	4431	3314	2196	1209	2321	1284
7084	37911	30101	41170	38620	7995	4093	6469	2920	2742	1943	2059	1966	35369	14609	28003	11260	8191	3784	4584	3339	2329	1236	2421	1343
7144	37668	30965	41405	39173	8245	4309	6790	2959	2865	1999	2071	1984	36092	15397	29268	11871	8559	3900	4802	3415	2410	1220	2461	1353
7204	38145	32570	41378	40227	8625	4364	7077	3004	2934	2020	2169	2005	36823	16070	30106	12328	9081	4100	4943	3554	2524	1293	2547	1343
7264	38087	33468	41686	40962	9142	4631	7309	3048	2989	2072	2226	1990	36829	16797	30837	13070	9409	4230	5118	3712	2534	1265	2601	1359
7324	38246	34511	41764	41389	9482	4731	7561	3253	3213	2141	2285	2104	37127	17421	31551	13477	9995	4377	5291	3867	2571	1267	2700	1419
7384	37994	35435	41821	42046	9758	4966	7798	3308	3184	2198	2347	2196	37677	18391	32495	13911	10232	4538	5600	3963	2712	1361	2758	1438
7444	38256	36537	41629	42674	10180	5061	8012	3447	3287	2290	2439	2196	37815	19139	33431	14480	10505	4757	5711	3995	2805	1344	2787	1468
7504	38044	37490	41586	43045	10674	5273	8299	3464	3417	2272	2457	2268	38040	19777	34031	15054	11074	4981	5900	4158	2890	1394	2892	1484
7564	38029	38057	42040	43305	10961	5601	8630	3507	3551	2388	2476	2303	37920	20342	35021	15399	11316	5045	6021	4324	2904	1425	3001	1465
7624	37969	39207	42156	43846	11374	5649	8850	3658	3616	2416	2565	2329	38080	21372	35456	16102	11743	5177	6258	4407	2944	1394	3041	1552
7684	38020	39607	42395	43607	11753	5895	9249	3714	3700	2478	2581	2463	38156	22034	36071	16569	12270	5356	6488	4542	3054	1448	3093	1581
7744	38226	40174	42101	44089	12142	6000	9439	3829	3870	2554	2641	2419	38067	22750	36668	17081	12600	5556	6655	4684	3177	1436	3158	1546
7804	38218	40694	42240	44177	12410	6190	9770	3911	3990	2661	2715	2501	38139	23629	37186	17773	13049	5622	6786	4722	3247	1497	3289	1612
7864	38044	41235	42119	44566	13035	6472	10121	4020	4022	2650	2795	2590	37983	24056	37419	18326	13315	5844	6968	4957	3326	1533	3232	1632
7924	38126	41720	42244	44184	13271	6594	10320	4136	4234	2810	2874	2644	38018	24828	38022	18853	13768	6011	7242	5025	3416	1547	3406	1640
7984	38057	41894	42351	44488	13770	6769	10583	4171	4250	2820	2898	2652	38111	25639	37991	19201	14267	6191	7306	5112	3501	1559	3447	1667
8044	37995	41865	42232	44632	14200	7016	10909	4375	4346	2904	2923	2720	38124	26304	38271	19841	14589	6373	7453	5222	3506	1607	3541	1725
8104	37948	42003	42101	44623	14616	7142	11089	4442	4476	2966	2983	2737	38152	26995	38657	20298	15051	6614	7869	5386	3719	1657	3536	1724
8164	37842	42229	42298	44664	15033	7439	11346	4527	4685	3049	3117	2856	38188	27861	38862	20761	15604	6746	8007	5422	3675	1646	3654	1750
8224	38176	42706	42246	44768	15547	7655	11766	4605	4715	3128	3192	2880	38162	28454	39240	21300	15782	6910	8105	5657	3817	1675	3746	1756
8284	38051	42574	42244	44702	15920	7790	12091	4697	4849	3220	3204	2940	38034	28884	39210	21700	16419	7075	8361	5724	3931	1702	3762	1863
8344	37868	42336	42190	44621	16315	8008	12232	4752	4980	3262	3259	3012	38271	29830	39473	22343	16832	7228	8563	5882	3998	1810	3862	1806
8404	38061	42707	42390	44728	16823	8273	12604	4938	5077	3331	3349	2961	38086	30491	39424	22736	17280	7464	8741	5989	3992	1779	3946	1870
8464	38183	42759	42282	44752	17245	8430	12996	4994	5238	3325	3348	3047	38044	31023	39479	23318	17424	7535	8935	6142	4131	1818	4005	1889
8524	38170	42746	42191	44684	17566	8769	13214	5070	5300	3388	3407	3187	38139	31706	39555	23769	17902	7767	9128	6230	4197	1821	4081	1900
8584	37874	42719	42207	44842	18128	8930	13605	5187	5508	3539	3481	3194	38168	32166	39686	24317	18373	7886	9369	6332	4293	1886	4219	1990
8644	37980	42727	42109	44741	18531	9090	13813	5241	5604	3636	3530	3291	38088	32741	39690	24782	18826	8226	9463	6439	4345	1897	4194	1975
8704	37749	42676	42241	44874	18955	9246	14081	5372	5704	3642	3712	3289	38140	33253	39832	25390	19217	8300	9666	6596	4452	1904	4320	1977
8764	37962	43093	42250	44931	19249	9481	14305	5543	5831	3772	3731	3331	37939	33911	39880	25913	19844	8437	9952	6711	4589	1955	4375	2061
8824	38116	42878	42276	44340	19757	9889	14729	5617	5911	3814	3821	3412	38091	34171	39651	26326	20077	8605	10089	6820	4547	1978	4500	2079
8884	38014	42954	42190	45193	20284	9951	15004	5735	6027	3987	3864	3443	38157	34611	39970	26923	20739	8708	10360	6955	4782	2009	4551	2061
8944	37817	42817	41925	44958	20674	10249	15180	5822	6191	3960	3919	3554	37973	35439	39584	27218	21135	9049	10547	7098	4807	2037	4599	2104
9004	38173	42692	42002	44817	21194	10438	15457	5856	6359	4073	3946	3585	37976	35448	39879	27698	21372	9194	10801	7189	4926	2046	4669	2129
9064	37969	42772	41861	44759	21430	10684	15885	6066	6541	4131	4095	3578	38345	36133	40022	28233	21690	9370	10903	7363	4983	2047	4793	2121
9124	38192	43055	42487	44865	22060	10927	16075	6181	6667	4169	4144	3733	38082	36116	39804	28441	22325	9501	11088	7523	5051	2103	4793	2178
9184	38071	42821	42167	44801	22638	11028	16485	6252	6748	4306	4213	3784	38129	36688	40057	29054	22682	9638	11327	7654	5094	2160	4919	2174
9244	38139	42737	42391	44909	23001	11306	16897	6434	6796	4333	4270	3795	37982	36785	39728	29608	23180	9899	11661	7843	5232	2167	4969	2183
9304	38082	42977	42367	44914	23434	11651	17002	6405	6999	4437	4310	3935	38118	37133	39732	29925	23590	10028	11691	7781	5310	2168	5042	2275
9364	38060	42861	42248	44997	23811	11763	17303	6636	7119	4559	4362	3995	38204	37320	39759	30539	23965	10290	12088	7943	5396	2276	5146	2286
9424	37897	43154	42048	44668	24280	12016	17392	6736	7271	4595	4451	4027	38072	37616	39876	30905	24134	10444	12067	8098	5458	2236	5223	2311
9484	37774	42985	42036	44794	24649	12149	18028	6762	7409	4611	4509	4105	38081	37682	39731	31314	24874	10557	12293	8306	5559	2301	5253	2310
9544	37803	42958	42341	44876	25275	12499	18173	6820	7589	4679	4550	4122	37887	37957	39597	31706	25452	10910	12551	8374	5601	2291	5289	2349
9604	37871	42949	42040	44721	25639	12665	18484	7015	7799	4894	4679	4206	37960	37916	40072	32093	25733	10966	12664	8575	5726	2332	5436	2371
9664	38037	43023	42220	44925	26249	12852	18763	7008	7755	4947	4706	4260	37835	38106	39812	32536	25982	11082	12848	8613	5786	2404	5536	2401
9724	38029	43059	42255	44913	26612	13198	19300	7302	7907	5058	4832	4337	38057	38165	39882	32757	26517	11305	13062	8703	5944	2397	5552	2427
9784	38036	43067	42332	44631	26810	13463	19475	7359	8126	5069	4939	4354	37994	38123	40015	33323	26806	11564	13237	8942	6031	2478	5668	2419
9844	38058	42953	42319	45012	27267	13618	19735	7343	8171	5208	4942	4504	38064	38259	39520	33606	27018	11738	13437	8993	6157	2464	5837	2513
9904	38172	43005	42017	45066	27872	13910	20050	7478	8305	5298	5061	4570	38182	38427	39938	34114	27405	11916	13728	9051	6136	2465	5813	2565
9964	37942	42849	42263	44786	28245	14149	20338	7674	8597	5332	5058	4577	38008	38330	39856	34545	27844	12100	13899	9343	6273	2550	5841	2595
10024	38062	42925	41977	44804	28735	14371	20602	7750	8658	5463	5226	4619	37821	38523	39828	35037	28363	12270	14169	9359	6382	2556	5969	2602
10084	37871	43037	42043	44494	29219	14608	20869	7814	8820	5521	5232	4710	38007	38494	39869	35189	28700	12538	14236	9503	6495	2579	5976	2575
10144	38087	43086	42107	44784	29623	14799	21140	7961	8967	5658	5332	4719	38100	38433	39921	35377	29094	12546	14430	9706	6531	2585	6151	2586
10204	37905	42769	42031	44604	30172	14982	21327	8093	9060	5741	5460	4887	37922	38593	39941	35740	29457	12757	14719	9798	6565	2587	6188	2658
10264	37719	42724	41854	44806	30577	15234	21708	8210	9209	5809	5470	4911	37941	38431	39884	36118	29644	13059	14939	9954	6695	2636	6286	2663
10324	37779	42961	42009	44745	30871	15648	22037	8288	9362	5972	5565	4959	38031	38145	39850	36480	30301	13289	15077	9992	6779	2708	6402	2683
10384	38117	42857	42055	44564	31409	15787	22267	8361	9502	6020	5614	5041	37911	38330	39889	36859	30626	13403	15299	10143	6848	2728	6476	2678
10444	38287	43050	42208	44858	31609	16085	22597	8673	9750	6144	5680	5091	37903	38649	40120	37015	30910	13592	15496	10198	7039	2748	6443	2779
10504	37970	42911	41972	44649	32065	16250	22900	8710	9845	6158	5861	5179	37980	38551	39753	37493	31303	13779	15668	10468	7116	2735	6529	2778
10564	37974	43093	42251	44723	32446	16702	23272	8679	9931	6267	5848	5149	37834	38574	39827	37691	31684	13998	15884	10626	7153	2819	6631	2824
10624	37840	43186	42136	44897	32919	16939	23467	8982	10131	6276	5971	5242	37628	38517	40018	38097	31925	14057	16016	10672	7286	2869	6696	2809
10684	37770	43133	41949	44917	33311	17133	23792	9092	10243	6385	6054	5361	38258	38564	39834	38198	32231	14245	16224	10753	7464	2872	6889	2900
10744	37821	43145	42078	44763	33914	17249	24000	9085	10456	6543	6154	5527	38008	38640	39928	38761	32723	14444	16505	10967	7414	2902	6914	2896
10804	37811	43149	42004	44847	34269	17538	24233	9237	10602	6555	5999	5498	37910	38340	39897	38878	32791	14726	16539	11017	7542	2963	7019	2854
10864	38063	42753	41999	44730	34683	17641	24604	9367	10763	6873	6244	5579	37967	38663	39879	39008	33376	14940	16828	11265	7561	2938	7082	2939
10924	37993	43031	42075	44776	34945	18177	24855	9452	10981	6860	6230	5697	38368	38567	39801	39327	33444	14981	17068	11270	7739	2992	7131	3039
10984	37836	42796	42101	45040	35600	18303	25233	9527	11050	6860	6422	5764	38012	38697	39806	39565	33866	15275	17153	11583	7823	3010	7139	3038
11044	37982	43105	42345	44951	36034	18571	25409	9668	11214	6982	6516	5833	38181	38748	39904	39571	34226	15504	17439	11503	7894	3022	7223	2987
11104	37904	43129	42096	44997	36390	18854	25605	9806	11361	7079	6497	5921	37714	38430	39869	39984	34193	15571	17583	11688	7893	3070	7385	3038
11164	37992	43031	42186	45039	36561	19159	25988	10035	11582	7223	6665	5916	37888	38750	39937	40032	34843	15852	17815	11823	7927	3135	7378	3054
11224	37939	43124	42027	44889	37202	19508	26476	10040	11773	7288	6660	5980	37969	38655	39944	40319	34721	15825	18128	12002	8189	3059	7489	3080
11284	38068	42984	42040	44873	37449	19879	26496	10157	11799	7455	6695	6104	37970	38615	40143	40452	34873	16357	18265	12133	8278	3168	7577	3139
11344	38102	42915	42162	45052	37518	19791	26675	10234	12031	7491	6891	6135	38182	38379	39810	40405	35408	16461	18367	12188	8374	3268	7600	3186
11404	38115	43183	42331	44861	37933	19987	27179	10395	12202	7539	6831	6179	37763	38675	39896	40744	35730	16422	18748	12431	8461	3226	7627	3210
11464	37850	43216	42092	44978	38502	20336	27419	10385	12384	7676	7042	6236	37890	38674	39903	40966	35918	16785	18775	12693	8519	3293	7752	3205
11524	37917	43321	42096	44998	38873	20619	27603	10754	12462	7850	7141	6355	37986	38726	39621	41062	35862	16949	19061	12629	8671	3307	7903	3295
11584	37714	42958	42134	44709	39083	20807	27965	10690	12629	7734	7271	6391	37994	38383	40029	41218	36159	17033	19160	12766	8675	3335	7971	3284
11644	37813	43285	42119	44846	39567	21312	28031	10813	12834	7934	7346	6397	38091	38660	40061	41350	36124	17244	19327	12796	8780	3334	8055	3339
11704	38089	43161	42051	44976	39866	21318	28436	11101	13105	8108	7296	6552	37876	38590	39641	41452	36307	17508	19521	13016	8969	3387	8098	3294
11764	37882	43089	41993	44967	40003	21669	28959	11149	13098	8161	7483	6650	38166	38901	39895	41644	36550	17648	19751	13125	9023	3398	8194	3405
11824	37707	42976	42281	44787	40283	21886	28915	11331	13232	8184	7390	6655	37952	38284	39943	41564	36477	18029	20102	13175	9040	3448	8258	3443
11884	37723	43347	42066	44850	40685	22074	29295	11349	13434	8340	7559	6713	38004	38667	40032	41682	36782	18140	20216	13397	9207	3482	8428	3433
11944	37792	42897	42223	45070	40956	22646	29522	11429	13493	8395	7709	6911	38255	38757	39957	41897	37164	18284	20480	13584	9280	3457	8389	3483
12004	37870	43047	42345	44864	41362	22857	29773	11563	13647	8649	7785	6969	38009	38874	39785	41716	36921	18453	20728	13637	9395	3501	8530	3458
12064	37977	43067	42236	45085	41538	22969	30105	11766	13832	8651	7855	6972	38011	38780	40165	41919	37053	18700	20861	13921	9374	3574	8500	3497
12124	37653	43365	42151	44971	41559	23158	30220	11913	14057	8620	7853	6990	37782	38818	39983	41987	37261	18901	21085	14029	9538	3601	8677	3530
12184	38003	43183	42032	44846	42016	23473	30670	11905	14212	8878	8000	7036	37922	38995	39829	41639	37454	19125	21109	14066	9627	3664	8706	3530
12244	37969	43185	41980	44723	42422	23781	30715	11984	14378	8897	8000	7202	37952	38669	39817	42066	37513	19258	21498	14267	9801	3640	8729	3561
12304	37863	43010	42008	45119	42613	23867	30986	12095	14621	9042	8113	7302	37860	38585	39960	42069	37274	19494	21602	14378	9709	3631	8784	3609
12364	37870	43389	42135	44962	42790	24334	31332	12308	14807	9077	8223	7311	37895	38729	39656	42195	37606	19641	21795	14572	9901	3691	8951	3687
12424	38081	42992	41929	44857	42929	24662	31553	12431	15029	9281	8353	7525	38132	38667	39720	42099	37489	19727	21962	14517	10114	3687	9086	3682
12484	37894	43142	42124	44939	42882	25046	31819	12594	15009	9317	8397	7481	38073	38733	39787	42499	37646	20015	22238	14721	10010	3709	9131	3684
12544	37912	42910	41966	44704	43319	24990	32009	12650	15247	9514	8517	7532	37974	38845	39941	42270	37492	20157	22300	14784	10208	3812	9119	3739
12604	37714	43417	42114	45087	43431	25400	32325	12938	15424	9487	8547	7655	38132	38506	39776	42153	37593	20195	22541	14967	10199	3884	9233	3726
12664	38029	43356	42247	45117	43465	25509	32419	12865	15465	9648	8584	7682	38153	39030	39804	42058	37547	20532	22691	15206	10416	3823	9360	3772
12724	38210	43337	41948	44969	43619	25824	32454	13116	15768	9680	8729	7724	37937	38713	39836	42356	37963	20752	23053	15345	10503	3825	9279	3817
12784	37916	43262	42112	44785	43663	26159	32718	13226	15884	9943	8812	7820	37891	38613	39758	42363	37813	20960	23279	15315	10578	3916	9420	3834
12844	37885	43167	42142	44703	44144	26384	32970	13310	16130	9966	8850	7911	38068	38718	39906	42369	37705	21106	23401	15533	10677	3930	9644	3844
12904	37933	43221	42063	44923	44134	26634	33467	13482	16185	10052	8994	7921	38334	38563	40014	42274	37868	21176	23378	15676	10745	4003	9644	3876
12964	38074	43059	42240	44928	44279	26774	33579	13548	16181	10152	9000	8053	38204	38688	39735	42203	38043	21623	23834	15744	10841	4044	9755	3920
13024	38079	43301	42287	45023	44250	27135	33939	13685	16634	10196	9211	8112	37948	38742	39922	42460	37805	21694	23896	15986	10946	4067	9828	3917
13084	37927	43251	42254	45068	44386	27427	34017	13786	16712	10353	9141	8215	38069	38651	39882	42240	37809	21789	24091	16208	11044	4051	9911	4016
13144	37998	43202	42040	44943	44571	27569	34127	14023	17017	10496	9354	8392	37901	38801	39897	42269	37743	21922	24238	16115	11083	4099	9946	4046
13204	38160	43073	42236	44979	44586	27965	34415	14122	17308	10546	9432	8375	37966	38712	39776	42221	37812	22172	24509	16417	11311	4160	10037	4069
13264	38028	42880	42178	45000	44247	28131	34685	14267	17051	10669	9559	8546	38002	38544	39898	42419	37910	22288	24512	16423	11290	4187	10039	4065
13324	38225	43031	42235	45020	44374	28367	34647	14324	17434	10728	9577	8532	38104	38766	39786	42315	37843	22654	24781	16668	11352	4238	10092	4177
13384	37939	43060	41985	44909	44571	28724	35153	14483	17653	10980	9793	8613	38078	38649	39764	42381	37967	22749	24928	16739	11508	4311	10283	4073
13444	38111	43359	42084	45009	44875	28722	35367	14658	17781	10937	9804	8665	38116	38658	39837	42382	37803	23026	25242	16968	11678	4233	10332	4168
13504	37955	43247	42128	44974	44585	28964	35478	14692	17895	11195	9738	8829	38081	38619	39900	42452	38017	23108	25392	16996	11708	4326	10442	4181
13564	37751	43223	41634	44830	44821	29318	35478	14737	18140	11154	9884	8753	38058	38630	39826	42172	37716	23332	25543	17096	11737	4262	10412	4114
13624	38029	43040	41988	45043	44684	29666	35972	15002	18430	11313	10010	8972	38058	38983	40037	42248	38200	23477	25818	17212	11860	4310	10531	4222
13684	37967	43229	42423	44851	44786	30076	36085	15055	18423	11517	10156	8984	38212	39008	39912	42551	37793	23685	25967	17533	12036	4334	10704	4223
13744	37926	43282	41970	44842	44949	30290	36431	15257	18660	11499	10177	9074	38030	38527	39573	42455	37754	23794	26027	17454	12071	4411	10692	4339
13804	37821	43166	41964	45335	44743	30471	36493	15270	18886	11650	10391	9099	38158	38845	39633	42556	37982	24205	26372	17655	12108	4477	10741	4317
13864	37946	43166	42241	44913	45043	30726	36543	15357	18895	11812	10315	9267	38017	38722	39871	42254	37737	24269	26361	17750	12222	4394	10801	4303
13924	38059	43226	42238	45176	44790	30952	36939	15580	19001	11740	10446	9368	38197	38614	39861	42332	37606	24451	26622	17798	12314	4453	11047	4369
13984	37879	43123	41990	44990	44827	31005	36818	15705	19360	11873	10535	9383	38004	38955	40246	42559	37630	24594	26765	17931	12529	4528	10963	4360
14044	37926	43210	41859	44868	45310	31460	36977	15921	19548	12118	10633	9483	38217	38794	39759	42386	37874	24839	27081	18177	12475	4517	11186	4371
14104	37836	43108	42271	45039	44894	31545	37333	15934	19589	12200	10613	9586	37837	38484	39892	42159	37889	25056	27224	18340	12480	4604	11221	4422
14164	37914	43155	41943	44963	45157	31748	37491	15987	19856	12248	10724	9538	37824	38923	39962	42179	37652	25228	27307	18454	12792	4647	11195	4418
14224	37798	43244	42176	44820	44948	32151	37605	16285	19843	12297	10818	9639	38173	38873	39992	42302	38071	25484	27638	18484	12760	4616	11478	4399
14284	38019	43245	41953	44835	44697	32322	37748	16299	20052	12529	11051	9772	38091	38768	39936	42702	37794	25649	27708	18774	12794	4676	11443	4547
14344	37729	43238	41947	45013	44928	32540	37699	16335	20174	12652	10932	9746	37915	38794	39918	42468	37883	25773	27933	18765	13072	4733	11427	4557
14404	38043	43101	42011	44829	44883	32711	38210	16497	20482	12607	10994	9897	37748	38770	39662	42222	37879	25980	28215	18938	13183	4721	11583	4485
14464	37849	43136	42198	44984	44974	32993	38248	16644	20694	12832	11198	9952	38131	38588	40010	42517	37974	26175	28437	19098	13220	4698	11635	4603
14524	38144	43475	41958	44992	44978	33184	38475	16787	20835	12972	11329	10104	37866	39029	39833	42445	38016	26259	28680	19228	13126	4785	11656	4665
14584	38065	43439	42058	45022	44936	33489	38362	17037	21053	13057	11405	10200	37864	38825	39874	42290	37896	26479	28772	19287	13342	4786	11738	4605
14644	37935	43388	42002	45005	44759	33668	38425	17036	20993	13081	11496	10187	38123	38573	39959	42326	37693	26724	28818	19559	13552	4893	11884	4708
14704	38105	43345	42034	45127	44864	33804	38926	17253	21370	13214	11548	10302	38055	38823	39700	42350	37940	26843	29074	19614	13684	4854	11872	4698
14764	37830	43233	41839	44888	44844	34150	38757	17318	21420	13443	11558	10374	37983	38520	39832	42585	38068	27251	29174	19664	13639	4902	11921	4693
14824	38138	43216	41972	45137	44889	34109	38971	17470	21760	13473	11663	10544	38212	38675	39912	42378	37885	27549	29497	19838	13740	5020	12104	4798
14884	37819	43328	41839	45006	44963	34610	39101	17525	21745	13510	11956	10409	38288	38789	40082	42507	38123	27516	29646	19929	13885	5003	12094	4827
14944	37945	43250	42093	45002	44957	34465	39480	17654	22098	13571	11969	10625	38182	38634	40210	42441	37667	27545	29702	20304	13892	4910	12169	4906
15004	37913	43390	41863	45227	45084	34938	39523	17705	22072	13708	12008	10695	38140	38765	39970	42632	37858	27853	29743	20172	14135	5059	12408	4920
15064	37921	43133	42071	45049	45088	35002	39604	17902	22355	13870	12135	10726	38128	38676	39846	42638	37886	28077	30158	20433	14142	5013	12481	4809
15124	38064	43282	42149	45066	45141	35156	39849	17995	22403	13999	12095	10844	37938	38891	39703	42315	38006	28348	30161	20551	14336	5081	12461	4974
15184	37982	43110	42351	45254	45085	35697	39884	18099	22683	14117	12218	10948	37941	38578	39808	42093	38026	28409	30478	20626	14336	5146	12538	4964
15244	37941	43376	42094	44989	45098	35751	39862	18306	22998	14168	12269	11021	38016	39125	40005	42364	37903	28673	30591	20936	14422	5193	12433	5000
15304	38077	43141	41699	44970	45267	35845	39879	18317	22996	14337	12381	11079	38269	38871	39959	42524	37819	28661	30845	20928	14611	5152	12734	5036
15364	38145	43275	42187	44800	44840	36261	40073	18436	23055	14410	12545	11094	37994	39097	39743	42459	37815	28937	30851	21130	14693	5184	12776	5006
15424	37988	43171	41955	45177	44668	36319	40210	18699	23169	14513	12605	11178	37882	38694	40064	42795	38023	28952	31146	21162	14645	5180	12796	5063
15484	37867	43177	42308	45121	45127	36510	40232	18792	23422	14643	12754	11276	38082	38694	40226	42258	38124	29166	31464	21282	14818	5254	12851	5106
15544	37952	43627	41840	44622	45133	36423	40501	18785	23630	14754	12775	11196	38252	38579	39874	42339	37956	29479	31509	21478	15041	5325	12960	5124
15604	37947	43563	42023	45033	45263	36793	40542	19198	23639	14732	12795	11476	38012	38763	40064	42739	38026	29666	31664	21624	14993	5312	12981	5187
15664	37860	43408	41853	44995	44871	36866	40612	19092	24083	14848	12929	11484	38026	38876	39840	42479	38246	29753	31660	21798	15203	5388	13130	5186
15724	38176	43358	42180	44990	45158	37221	40824	19139	24100	14962	12946	11574	38017	38751	39888	42441	37828	29937	31858	21788	15281	5338	13198	5188
15784	37783	43197	41903	45114	45188	37315	40977	19363	24326	15187	13124	11586	37915	38506	39736	42683	38010	30398	32133	22006	15224	5361	13210	5227
15844	38025	43255	41962	44917	44938	37684	41021	19551	24409	15259	13106	11644	37966	38589	40086	42464	38045	30167	32285	22052	15505	5500	13410	5212
15904	38176	43168	41885	44958	45144	37635	41115	19505	24521	15322	13159	11777	37810	39035	39690	42500	37972	30582	32518	22074	15548	5410	13441	5309
15964	38017	43181	42041	45186	44958	38056	41078	19705	24838	15387	13225	11830	38067	38616	40007	42743	38067	30588	32710	22454	15675	5520	13475	5288
16024	38102	43415	42233	44949	44818	38172	41008	19741	24727	15489	13237	11867	38067	38708	39809	42654	37938	30757	32700	22492	15627	5511	13600	5326
16084	37683	43527	42088	45056	45188	38051	41089	19846	24926	15689	13498	11950	38131	38730	39983	42593	37872	31164	32820	22551	15765	5565	13678	5380
16144	38016	43486	42180	45230	45209	38365	41400	19943	25176	15680	13522	12031	37969	39013	39838	42362	38017	31016	33100	22751	15837	5667	13723	5351
16204	37934	43457	42067	44902	44950	38465	41348	20212	25362	15766	13621	12041	38077	38905	39935	42548	38108	31480	33242	22860	15965	5692	13714	5453
16264	37844	43152	42194	44937	45040	38610	41473	20271	25340	15829	13573	12220	37819	38731	39889	42501	37773	31479	33354	23144	15994	5651	13863	5391
16324	37828	43430	42132	45216	44788	38849	41523	20362	25635	16018	13584	12253	38104	38741	39912	42692	37694	31722	33580	22981	16209	5707	13984	5480
16384	38208	43226	42010	45006	45111	38984	41549	20500	25860	16151	13870	12265	37967	38703	39846	42393	37941	31793	33671	23402	16233	5782	14077	5477
16444	37822	43286	42115	45020	45289	39132	41412	20484	25766	16428	13939	12303	37803	38899	39872	42439	38158	32145	33942	23345	16372	5728	14346	5624
16504	37982	43495	42086	44899	45109	39158	41702	20707	25791	16236	14003	12421	37875	38736	39860	42377	37924	32207	34157	23395	16369	5803	14057	5542
16564	37963	43174	42167	44969	44961	39212	41941	20874	26092	16557	14138	12397	37752	38705	39919	42414	38191	32531	34228	23655	16779	5842	14279	5556
16624	37975	43420	42194	45338	44962	39708	41926	20846	26215	16531	14108	12540	37994	38512	39937	42662	38149	32554	34481	23649	16509	5913	14376	5628
16684	37679	43301	42306	45226	45107	39640	42139	20844	26322	16593	14165	12708	38239	38668	40030	42581	37802	32636	34515	23772	16739	5872	14353	5657
16744	37851	43280	41955	45238	45215	39635	42030	21166	26459	16741	14306	12763	38089	38835	39886	42674	37776	32838	34554	23995	16796	5914	14512	5651
16804	37993	43309	42104	44931	45187	39912	41861	21200	26623	16943	14219	12751	38033	38740	39802	42537	38016	33350	34699	24002	16936	5964	14522	5725
16864	37814	43410	42195	44960	45100	39844	42106	21372	26828	17017	14422	12804	38038	38589	39874	42511	38252	33187	35015	24432	16905	5920	14556	5745
16924	38153	43500	42155	44957	45397	40152	42177	21429	27141	17018	14525	12743	38130	38783	40119	42424	37912	33363	35166	24607	17149	6023	14642	5777
16984	37999	43583	42230	45083	44974	40104	42165	21512	26898	17060	14545	12888	38165	38901	39851	42750	37942	33403	35025	24459	17078	5970	14755	5805
17044	37837	43386	42185	45158	45242	40318	42198	21689	27058	17401	14664	13023	37995	38738	40097	42556	37963	33557	35457	24570	17382	6105	14943	5847
17104	38332	43536	42266	45138	45180	40129	42139	21813	27363	17383	14691	12966	38287	39104	39701	42431	38058	33825	35809	24726	17461	6113	14909	5837
17164	37716	43078	42190	45235	44852	40718	42130	21964	27343	17510	14696	13038	38066	38651	39817	42470	38231	34046	35821	24627	17474	6074	14910	5843
17224	37897	43450	41855	45079	44870	40477	42356	22113	27528	17464	14754	13297	38113	38782	40038	42466	37975	34431	36130	25082	17596	6129	15152	6013
17284	37908	43387	41919	45030	45194	40628	42180	22153	27623	17722	14797	13136	37996	38717	39887	42531	37850	34481	36150	25150	17587	6151	15141	5921
17344	37935	43532	42249	45072	44881	41008	42311	22184	27645	17841	14826	13130	37945	38909	39999	42353	37848	34467	36186	25161	17812	6237	15129	6025
17404	37841	43318	42071	45189	45197	40924	42563	22292	27801	17758	15063	13239	38137	38900	39896	42511	37981	34805	36618	25429	17743	6393	15337	6057
17464	38010	43403	41973	44961	44789	40929	42522	22604	28004	17888	15043	13363	38123	38867	39765	42435	37990	34850	36378	25561	17923	6307	15327	6021
17524	38205	43483	42359	45113	44700	41126	42306	22446	28006	18030	15200	13299	37883	38707	40068	42683	38105	35105	36488	25636	18027	6306	15528	6042
17584	38086	43381	41887	44871	45138	41021	42314	22497	28074	18050	15273	13435	38065	38883	39625	42611	38279	35138	36662	25701	18290	6352	15426	6062
17644	37780	43340	41838	44927	45211	41158	42615	22617	28472	18226	15348	13455	38093	38847	40005	42569	38091	35126	36946	25882	18131	6395	15537	6119
17704	38101	43489	41813	45090	45039	41179	42537	22628	28435	18409	15260	13527	38124	38807	39940	42610	38121	35613	36824	26008	18400	6394	15708	6134
17764	37706	43350	41752	45124	45260	41386	42463	22871	28297	18284	15392	13513	37946	38879	39877	42526	38082	35699	37129	26051	18508	6384	15678	6179
17824	37801	43236	41994	44629	44829	41862	42702	22914	28676	18512	15262	13628	37919	38572	39694	42710	37839	35746	37335	26145	18538	6500	15924	6235
17884	38131	43718	42035	45079	45047	41636	42814	23205	28692	18616	15498	13635	37992	38880	39776	42513	37874	36166	37561	26397	18664	6498	15930	6283
17944	38094	43735	42081	45268	45170	41617	42518	23091	28618	18560	15365	13701	37912	38658	40055	42535	38203	36033	37531	26465	18657	6545	15889	6328
18004	37797	43632	41868	44908	45141	41649	42686	23301	28691	18785	15484	13825	37998	38911	39682	42593	37971	36179	37583	26594	18781	6542	15914	6287
18064	37913	43385	42115	44951	45050	41792	42575	23254	29070	18848	15601	13730	37984	38886	39933	42631	37912	36381	37833	26652	18759	6599	16165	6275
18124	37639	43161	42248	45254	45041	42062	42614	23169	29037	18944	15686	13844	38086	38955	39925	42472	37915	36407	37561	26857	19016	6572	16101	6366
18184	37933	43411	42134	45330	44933	42160	42695	23448	29123	19081	15849	13841	38013	38873	39816	42475	38010	36547	37990	27161	19088	6590	16144	6318
18244	37955	43471	42138	45173	45301	42062	42986	23513	29386	19207	15806	13929	37871	38872	39879	42643	38045	36791	38365	27078	19257	6606	16308	6364
18304	38025	43367	42009	45209	45052	42146	42891	23601	29406	19138	15893	14026	38349	38842	39811	42484	38011	37023	38156	27158	19222	6635	16372	6397
18364	37780	43405	42156	45386	45177	42074	42709	23551	29415	19288	15821	13914	38054	38770	40004	42813	37943	37062	38407	27350	19405	6738	16481	6514
18424	38013	43472	42115	45229	45234	42310	42831	23735	29633	19412	15952	14075	38039	38987	39757	42245	38013	37311	38687	27585	19354	6777	16483	6602
18484	37818	43599	41953	44942	45233	42142	42662	23760	29631	19351	15940	14038	37882	38658	39706	42664	37997	37135	38784	27653	19538	6890	16629	6539
18544	37953	43525	41946	45203	44876	42234	42787	24060	29455	19365	16020	14121	37988	38974	39866	42637	38012	37368	38927	27843	19648	6762	16691	6556
18604	37985	43201	41865	45099	45020	42275	43044	24011	29691	19557	16196	14112	38017	38872	39916	42300	38144	37637	38980	27627	19881	6872	16603	6560
18664	37662	43341	41961	45117	45454	42234	42837	24064	29735	19740	16082	14130	38166	38550	39845	42582	38310	37807	39092	28226	19884	6926	16722	6590
18724	37919	43787	42054	45265	44902	42663	42880	23943	29834	19783	16269	14178	37996	38866	39635	42318	38206	38108	39225	27984	20105	6835	16816	6609
18784	38104	43315	42025	45180	45463	42376	42793	24049	30021	19601	16101	14179	37870	38606	39742	42563	37820	37896	39490	28093	20190	6930	16926	6591
18844	38070	43545	42175	45103	44829	42948	43020	24179	29879	19705	16136	14342	37845	38769	40019	42429	37896	38335	39410	28309	20135	6977	16859	6682
18904	37975	43263	42056	45031	45272	42558	43059	24207	30222	19822	16265	14304	38260	38749	40020	42547	37866	38255	39439	28506	20258	7035	17141	6616
18964	37789	43197	41804	45221	45023	42704	43115	24126	30364	20122	16313	14450	38223	39086	39890	42288	38238	38445	39779	28565	20275	7059	17181	6723
19024	37943	43654	42090	45167	45102	42645	43009	24609	30306	19891	16421	14218	37888	38776	39966	42730	38105	38263	39783	28726	20279	7083	17132	6705
19084	38128	43368	41898	45080	45150	42329	43073	24522	30508	20040	16453	14430	38114	38930	39902	42590	38077	38998	39793	28944	20769	7151	17152	6807
19144	38044	43363	42187	45249	45176	42842	43132	24667	30507	20197	16412	14537	38079	38868	40004	42326	38078	38847	39927	28884	20651	7046	17263	6775
19204	38040	43472	41989	45017	45360	42980	43071	24555	30670	20202	16500	14556	38031	38699	39669	42542	38131	38796	40047	29165	20518	7137	17418	6844
19264	37975	43286	41783	44599	44893	43054	43112	24732	30552	20240	16558	14627	37903	38630	39855	42454	38243	38894	40059	29291	20761	7148	17461	6829
19324	37702	43383	41852	45058	45142	42723	43238	24885	30571	20336	16577	14526	38272	38786	40058	42531	38058	39067	40033	29403	20717	7126	17477	6885
19384	37999	43421	41896	45027	44904	42872	42929	24652	30670	20501	16629	14670	38217	38856	39885	42602	38109	39059	40399	29350	21149	7201	17511	6836
19444	38052	43534	42273	45179	45284	43078	42933	24910	30565	20361	16636	14708	38193	39075	40126	42201	38274	39339	40559	29630	21129	7187	17651	6898
19504	37811	43246	42013	44903	45127	43199	43356	24778	30932	20594	16737	14705	37932	38920	39871	42485	38076	39268	40397	29368	21272	7244	17846	6967
19564	38280	43252	42287	45191	45064	43148	43314	24897	30928	20771	16786	14670	38210	38832	40027	42580	38207	39405	40836	29830	21302	7417	17867	6969
19624	37770	43471	41938	45278	45079	43082	43091	25237	31017	20747	16718	14750	37935	38965	39804	42395	37907	39653	40671	30121	21233	7326	17737	7043
19684	37887	43290	42052	45152	44930	43215	43095	25340	30839	20681	16696	14929	38026	38863	40008	42716	38242	39801	40733	29993	21650	7400	17921	7035
19744	37853	43372	42053	45035	45016	43047	43141	25334	31085	20831	16776	14855	38117	38707	40117	42635	37867	39753	40817	30144	21367	7381	17994	7041
19804	37853	43463	42356	45303	45110	43082	43240	25411	31200	20743	16875	15015	38046	38846	39801	42408	37979	39869	41062	30338	21714	7392	18140	7079
19864	38050	43129	42036	44922	44806	43123	43226	25163	31284	20844	16985	14829	37797	38807	39926	42765	38163	39868	40975	30414	21605	7386	18180	7036
19924	38023	43605	42030	45167	44994	43092	43359	25417	31293	20832	17050	15023	38007	38804	39867	42504	38167	40014	41108	30365	21931	7520	18353	7183
19984	38118	43166	42013	45453	45431	43165	43152	25530	31385	21118	17088	14926	38068	38712	39958	42641	37999	40284	41150	30593	22158	7557	18395	7190
20044	37877	43681	41970	45218	45191	43303	43389	25472	31464	21307	17078	14916	38159	38713	39958	42560	38106	40305	41236	30763	21800	7564	18244	7147
20104	38090	43831	42151	45171	45361	43193	43320	25426	31516	21227	17109	15018	37992	38840	39540	42819	37954	40150	41566	30968	22233	7624	18412	7327
20164	38113	43495	42209	45061	45234	43010	42804	25437	31243	21236	17047	15128	38151	38723	39913	42692	38191	40453	41733	30979	22256	7600	18482	7281
20224	37862	43432	42203	45134	45148	43413	43251	25504	31342	21284	17111	15146	37916	39008	40057	42388	38191	40627	41356	30940	22377	7619	18550	7260
20284	38021	43390	41787	45353	44988	43205	43290	25478	31534	21286	17303	15287	37922	38836	39895	42197	38089	40395	41896	31118	22513	7686	18751	7311
20344	38075	43408	42067	45259	45147	43547	43258	25581	31627	21434	17023	15196	37920	39029	39830	42489	38183	40546	41735	31252	22514	7738	18745	7345
20404	37858	43399	41951	45327	45120	43421	43303	25711	31431	21409	17178	15157	38199	38864	39593	42599	38309	40647	41536	31466	22381	7701	18714	7380
20464	37739	43501	42115	45370	44895	43559	43097	25865	31636	21352	17283	15142	37938	38838	39809	42684	38013	40954	41735	31562	22652	7745	18841	7469
20524	37969	43372	41809	44780	44764	43362	43237	25648	31636	21572	17273	15325	38146	38931	39855	42367	37971	40805	41923	31352	22791	7839	18812	7461
20584	37786	43407	41925	45288	45227	43415	42922	25994	31666	21606	17176	15252	37917	38836	39989	42435	37969	40925	42276	31598	22781	7880	19008	7522
20644	38029	43771	41965	45224	45212	43595	43136	25918	31649	21640	17313	15313	37917	38742	39913	42496	38259	40967	42064	31994	22737	7873	19001	7410
20704	37834	43570	42082	44942	45239	43715	43265	25942	31815	21694	17337	15360	38102	38713	39771	42690	37817	41075	41991	31973	23016	7937	19062	7483
20764	37790	43638	41901	45279	44986	43504	43253	26089	32067	21709	17422	15224	37916	39077	39860	42469	38019	41201	41964	31926	23011	7913	19173	7543
20824	37910	43504	41998	45108	45171	43378	43068	25936	31837	21712	17321	15240	38048	38916	39774	42350	38216	41061	42010	32069	23095	7958	19288	7640
20884	37814	43518	42079	44850	45157	43890	43243	26007	32103	21909	17415	15330	37852	38891	40023	42485	38178	40746	42266	32080	23291	7880	19371	7573
20944	37948	43499	42067	45102	45007	43436	43319	26150	31801	21686	17436	15387	37980	38686	39638	42707	38001	41274	42539	32499	23479	7999	19477	7585
21004	37926	43240	41938	45024	45173	43520	43196	26162	32085	22019	17454	15276	38175	38655	39617	42729	38132	41255	42360	32428	23523	8049	19371	7689
21064	37835	43551	41941	44985	45044	43529	43064	26140	31952	21939	17565	15290	38159	38679	39869	42404	37795	41489	42301	32820	23554	8077	19364	7719
21124	37980	43231	42165	45121	44941	43789	43066	26299	32034	22001	17570	15424	38080	38488	40176	42676	38085	41562	42355	32736	23631	8022	19604	7728
21184	37802	43681	41834	44892	45039	43600	43057	26366	32015	22244	17611	15519	37967	38901	40010	42576	38203	41492	42226	33204	23716	8111	19463	7683
21244	37900	43481	42002	45357	45111	43835	43164	26307	32199	22090	17534	15322	38229	38846	39715	42653	38011	41700	42632	32987	23919	8162	19649	7756
21304	38164	43415	41875	45276	45004	43957	43452	26283	32327	22237	17637	15533	38102	39090	39759	42299	38085	41484	42710	33078	23838	8288	19689	7828
21364	37838	43438	41985	45125	45214	43822	43105	26307	32175	22330	17562	15373	37900	38931	39933	42458	38027	41461	42569	33383	23827	8199	19878	7820
21424	37839	43370	42138	45158	45247	43956	42927	26351	32283	22214	17650	15562	38237	38988	39795	42632	38263	41554	42776	33103	24051	8192	19704	7809
21484	38008	43667	41998	45247	45045	43503	43155	26562	32439	22001	17657	15639	38255	38911	39718	42617	38111	41546	42843	33305	24248	8238	19777	7934
21544	37859	43311	41875	45148	45347	43932	43409	26496	32631	22178	17766	15465	38077	38994	40033	42446	38128	41571	42796	33396	24223	8283	20097	7898
21604	38108	43358	42025	45231	45117	44056	43339	26760	32610	22196	17631	15650	38010	39054	39859	42425	38214	41735	42793	33690	24418	8232	20080	8016
21664	37912	43596	42040	44763	45399	43807	43525	26829	32453	22297	17755	15625	38018	38631	40036	42400	38134	41256	42858	33719	24504	8365	20210	7988
21724	37967	43325	41777	45124	44847	43649	43074	26391	32252	22291	17647	15570	38249	38673	39801	42638	38090	41677	43033	33875	24538	8374	20236	8026
21784	37991	43283	41978	44958	45076	43768	43283	26444	32323	22371	17871	15638	38171	38806	39864	42536	38043	41621	43131	33799	24725	8441	20263	8001
21844	37919	43418	42124	44939	45015	44008	43156	26501	32283	22646	17820	15544	37983	38814	39967	42522	38066	41661	42938	34103	24779	8511	20489	8075
21904	37902	43254	41897	45064	45024	44052	43380	26590	32768	22448	17642	15607	37755	38907	39906	42217	38084	41594	42919	34260	24953	8395	20519	8058
21964	37792	43678	42198	45018	45067	43754	43227	26779	32660	22552	17919	15740	38037	38851	39761	42721	38293	41693	43211	34205	24912	8468	20601	8021
22024	38010	43399	41997	44962	45241	44111	43072	26668	32651	22616	17882	15677	37997	38832	39976	42741	38174	41499	42974	34352	24998	8448	20612	8181
22084	38087	43534	41988	45234	45003	43915	43091	26858	32663	22594	18113	15721	37961	38897	39758	42835	37973	41916	43332	34593	25209	8487	20514	8117
22144	38042	43350	42007	45291	44911	44028	43248	26645	32558	22681	18097	15789	38079	38985	39717	42129	38326	41868	43042	34400	25275	8668	20688	8274
22204	37976	43460	42127	45034	44889	44483	43232	26751	32619	22735	17879	15591	38133	39002	39872	42472	38024	42048	43272	34685	25267	8571	20699	8220
22264	37813	43707	41947	45334	45092	44258	43058	26917	32582	22953	17952	15828	37992	39010	39622	42823	38199	41850	43294	34929	25184	8732	20629	8244
22324	37971	43555	41854	45056	45121	44224	43247	26998	32579	22700	17891	15718	38022	39132	39941	42810	38090	41792	43458	35140	25365	8864	20973	8318
22384	37861	43334	42125	45295	45129	44285	43383	26893	32773	22678	17885	15663	37844	38854	39875	42599	37990	41955	43227	34764	25328	8699	20855	8327
22444	37762	43787	42099	45096	45100	44528	43179	26920	32758	22816	18139	15786	38044	39057	39784	42306	38236	41809	43343	35125	25734	8724	21054	8296
22504	38108	43495	41946	45162	45051	44606	43337	26763	32914	22888	18004	15902	38213	38903	40139	42494	38183	41858	43125	35161	25804	8738	20991	8429
22564	37969	43385	42214	44930	44958	44602	43413	26942	32865	22858	18049	15804	37957	38705	39895	42729	38382	41934	43493	35282	25996	8749	21110	8406
22624	37915	43565	41758	45220	45227	44580	43180	26943	32794	22903	18064	15820	37851	38798	39826	42650	38145	41947	43189	35489	25790	8832	21179	8433
22684	37959	43401	42047	45330	45057	44326	43520	26998	32936	23077	18199	15686	38162	38946	39798	42801	38057	41758	43162	35577	26070	8860	21257	8512
22744	37755	43379	41929	45220	45084	44250	43439	26909	33096	22912	17973	15786	37977	38967	39949	42915	38146	41773	43483	35608	26205	8864	21269	8404
22804	37924	43477	41982	45352	45120	44332	43208	27087	32886	23023	17989	15935	37880	39068	39717	42610	38046	41833	43475	35685	26099	8946	21427	8421
22864	37791	43430	42037	45332	45208	44533	43235	27143	33152	23039	18059	15871	37960	39004	39872	42434	38077	41752	43344	35959	26416	8989	21346	8435
22924	37918	43377	42017	45286	45016	44724	43165	27013	32949	23081	18007	15894	38075	39044	39721	42236	37983	41830	43280	36091	26287	8963	21573	8524
22984	37982	43488	41909	44720	45062	44408	43267	27135	33020	23174	18144	15929	38044	38879	40052	42352	38106	41930	43166	36160	26277	8969	21596	8661
23044	38133	43547	42309	45091	45271	44157	43262	26957	33091	23091	18162	16032	38123	38873	39858	42705	38136	42084	43342	36197	26575	9057	21662	8548
23104	37955	43573	42112	45108	45029	44399	43262	27090	33029	23093	18241	15954	38074	38923	39861	42266	38271	41876	43565	36250	26606	8970	21611	8551
23164	37927	43412	42189	45234	45138	44335	43382	26989	33107	23154	18338	16022	37779	38941	39995	42669	38127	41869	43284	36463	26516	9077	21881	8591
23224	38173	43632	41998	45376	45294	44516	43644	27259	33183	23202	18161	15933	37988	38979	40039	42840	38170	41947	43622	36566	26684	9101	21776	8729
23284	37959	43623	42083	45250	45006	44533	43328	27083	33239	23337	18108	15930	38024	38856	39590	42346	38244	41989	43600	36605	26725	9204	21783	8814
23344	38021	43573	42144	45138	45045	44376	43540	27288	33270	23163	18241	16072	38027	38949	39927	42390	38144	42094	43471	36698	26799	9213	21960	8657
23404	37940	43588	42118	45147	45087	44816	43212	27280	33291	23241	18214	15973	38138	38927	39986	42556	38390	41813	43356	36846	27091	9146	22105	8804
23464	37980	43672	42101	45308	45165	44575	43233	27423	33065	23294	18350	16046	38125	39160	39950	42743	38037	41901	43685	36875	27184	9323	22302	8826
23524	38321	43650	42070	45299	45120	44434	43243	27394	32972	23202	18213	16105	37992	38764	39671	42365	38092	42172	43321	36959	27456	9200	22149	8791
23584	38002	43700	41966	44908	45175	44745	43547	27269	33015	23402	18271	16112	38049	38828	40011	42912	38269	42034	43371	37154	27152	9255	22282	8813
23644	37893	43381	41959	45125	45067	44458	43374	27350	33382	23411	18174	15987	38331	38911	39788	42736	38290	41815	43497	37022	27389	9297	22353	8876
23704	37828	43584	42092	45113	45121	44494	43169	27279	33082	23467	18427	16005	37898	38753	39793	42627	38323	41755	43388	37263	27445	9342	22416	8995
23764	38032	43230	42136	45158	45197	44622	43441	27330	33185	23463	18334	15975	38028	38917	39894	42615	38157	41993	43498	37457	27691	9387	22369	8944
23824	38034	43757	41939	45222	44915	44740	43359	27419	33223	23584	18338	16032	37846	38983	39963	42557	38202	41872	43527	37475	27801	9497	22605	9064
23884	37887	43570	41827	45442	45176	44449	43244	27483	33338	23553	18357	16034	38086	38935	39681	42585	38184	41758	43585	37697	27657	9383	22657	8938
23944	37980	43506	42373	45143	45108	44725	43202	27400	33486	23572	18295	16209	37898	39230	40030	42773	38304	42149	43704	37608	27882	9553	22639	8964
24004	38131	43479	42024	45261	45212	44285	43332	27395	33324	23494	18399	16109	37805	38873	39973	42496	38331	42069	43470	37704	27772	9539	22528	8965
24064	37834	43682	41896	45230	45161	44520	43286	27359	33101	23722	18414	16120	37827	38700	39852	42489	37990	42335	43603	37811	28096	9537	22723	9102
24124	37830	43642	42053	45240	45159	44234	43263	27530	33463	23735	18469	16150	37839	38658	39897	42614	38122	42018	43749	38070	28081	9520	22798	9129
24184	37817	43722	41818	45301	45306	44325	43174	27383	33384	23504	18327	16072	37936	39103	39839	42634	37908	42124	43338	37799	28242	9534	22984	9122
24244	37929	43406	42113	45238	44993	44305	43346	27613	33366	23666	18468	16270	37909	38637	39855	42554	38041	41671	43529	38093	28464	9654	22864	9136
24304	37780	43486	41947	44965	45117	44504	43513	27448	33486	23729	18387	16268	37662	38981	39765	42796	38092	42155	43319	38365	28252	9554	22884	9267
24364	38273	43341	42125	45001	45228	44649	43237	27362	33478	23693	18312	16101	38015	38985	39832	42960	38198	41787	43302	38160	28412	9729	22788	9279
24424	37915	43702	41919	45262	45078	44417	43225	27611	33349	23758	18495	16138	38035	39019	39813	42370	38125	42117	43401	38224	28548	9714	22965	9203
24484	37669	43591	42099	45185	45229	44280	43418	27624	33369	23634	18409	16137	37968	38860	39999	42589	38037	41680	43484	38485	28728	9785	23141	9350
24544	37845	43413	41964	45023	45079	44405	43135	27552	33300	23744	18500	16197	38065	39005	39970	42575	38326	42085	43594	38815	28851	9727	23258	9291
24604	38057	43686	42066	45262	45085	44537	43410	27660	33329	23956	18541	16204	37645	38848	39914	42513	38101	42134	43434	38581	28699	9810	23156	9362
24664	37740	43484	41876	45488	45260	44589	43401	27602	33606	23782	18523	16023	38200	38720	39590	42566	38281	42175	43314	38886	28821	9834	23335	9323
24724	38058	43774	41700	45054	45173	44585	43143	27730	33668	23679	18522	16140	38110	38798	39891	42722	38342	41823	43518	38775	28951	9772	23394	9366
24784	38006	43678	41806	45033	45115	44353	43411	27801	33625	23819	18522	16260	38101	38744	39931	42584	38212	42102	43437	38847	28887	9851	23468	9339
24844	37866	43488	41767	45217	45139	44421	43335	27567	33557	23878	18513	16130	38032	39151	40185	42552	38293	41926	43494	39049	29182	9993	23352	9448
24904	37780	43587	41886	45016	45234	44625	43244	27691	33507	23806	18597	16374	38254	38762	39782	42681	38110	41686	43372	39238	29386	9951	23481	9373
24964	37941	43631	41930	45279	45266	44470	43350	27668	33449	23833	18466	16285	37947	38970	39915	42530	38279	42017	43638	39045	29258	9887	23682	9446
25024	37974	43640	42163	45119	45042	44506	43214	27690	33474	23943	18552	16367	37930	38860	39924	42826	38288	42067	43637	39162	29443	9928	23624	9476
25084	37945	43411	42079	45371	45165	44699	43437	27618	33265	23930	18552	16245	37868	39011	39639	42508	38327	41918	43550	39294	29735	10089	23699	9496
25144	38105	43410	42031	45166	45188	44493	42842	27596	33396	23942	18522	16279	38054	39069	39901	42888	38113	42154	43865	39238	29443	9978	23863	9576
25204	38217	43284	41691	45018	45029	44472	43279	27677	33469	23950	18582	16253	37831	38687	39633	42541	37821	42192	43389	39497	29563	10068	23798	9594
25264	38132	43494	42058	45110	45424	44481	43438	27618	33554	24085	18417	16332	38297	38814	40188	42607	38437	41981	43682	39697	29709	10160	23875	9532
25324	37797	43767	41983	44957	45428	44588	43380	27727	33533	23878	18535	16143	37996	39030	39675	42453	38124	42155	43423	39444	29803	10068	23872	9646
25384	37904	43474	42016	45064	45006	44533	43151	27781	33393	23943	18398	16453	37856	38935	39775	42508	38220	41726	43425	39696	29833	10182	24040	9727
25444	38069	43474	41858	45038	45192	44626	43277	27850	33701	24061	18789	16339	38152	38809	39905	42496	38137	42254	43321	39741	29978	10265	24161	9698
25504	37880	43704	41848	45211	45259	44805	43020	27744	33444	23806	18699	16287	37838	38744	40031	42520	38105	41764	43511	39827	29988	10128	24071	9657
25564	38085	43390	41906	45123	44994	44357	43346	27725	33666	24195	18577	16200	37868	38857	39897	42777	38157	41991	43351	40004	30097	10319	24196	9790
25624	37919	43782	42018	45272	45050	44680	43302	27849	33652	24140	18594	16289	37875	39110	39850	42339	38203	41978	43519	39831	30256	10285	24244	9850
25684	37957	43206	41710	45121	45128	44696	42993	27616	33736	24251	18526	16341	37913	39030	39793	42713	38222	41992	43269	39741	30341	10245	24197	9722
25744	38017	43737	41889	45036	45393	44537	43266	27614	33854	24215	18350	16288	38229	38874	39778	42407	38274	42266	43464	40306	30538	10266	24233	9779
25804	37946	43647	41801	45182	45279	44499	43417	28038	33460	24109	18517	16497	38152	38974	39850	42582	38348	41836	43665	40525	30541	10392	24414	9902
25864	37923	43560	42251	44988	45039	44556	43323	27856	33439	24061	18720	16421	37691	38842	39762	42816	38207	42006	43602	40363	30526	10408	24485	9928
25924	38077	43649	41879	45104	45145	44581	43445	27837	33533	24147	18550	16294	38407	38913	39683	42649	38238	42095	43345	40364	30776	10469	24503	9826
25984	37996	43669	42089	45204	44846	44740	42994	27847	33505	24087	18628	16295	37937	38884	39831	42644	38469	41880	43600	40454	30869	10477	24585	9908
26044	38109	43500	41931	45107	45335	44400	43262	27758	33633	24062	18596	16281	38042	38858	39803	42353	38107	42170	43632	40815	30969	10574	24725	10036
26104	37847	43720	41991	45217	45271	44441	43588	27936	33709	24279	18683	16359	37851	38757	39919	42804	38321	42301	43615	40711	30893	10565	24704	10107
26164	37967	43561	42079	45350	44949	44565	43497	27807	33545	24111	18674	16440	38222	38797	39894	42464	38454	42139	43611	40944	31167	10629	24750	10132
26224	38092	43549	41980	44918	45376	44585	43425	27790	33948	24243	18686	16389	38144	38837	39528	42402	38093	41977	43472	40925	31204	10521	24721	9995
26284	38033	43648	42060	44900	45100	44238	43240	27884	33707	24123	18511	16383	38279	38959	39978	42381	38337	42314	43478	40931	31278	10555	24787	10027
26344	37893	43497	41987	45372	45118	44528	43272	27807	33560	24290	18663	16392	37850	39086	39830	42695	38083	42105	43701	40997	31062	10586	24926	10001
26404	38014	43692	41959	45179	45187	44677	43337	27889	33594	24314	18629	16431	38004	38898	39854	42525	38236	41826	43492	41124	31174	10542	24993	10134
26464	37987	43518	42111	44966	44821	44499	43430	27845	33588	24390	18634	16332	38142	38940	39885	42666	38233	42037	43514	41135	31486	10691	25196	10181
26524	38023	43504	42018	45107	45036	44528	43358	27924	33802	24408	18721	16355	38094	38780	40037	42807	38245	42010	43789	41314	31592	10806	24999	10125
26584	37711	43685	41873	45109	45073	44712	43435	27920	34009	24273	18852	16421	37931	39113	39923	42741	38324	42116	43907	41475	31599	10799	25217	10131
26644	38021	43697	41738	44826	45022	44574	43247	27849	33892	24219	18661	16389	37902	39114	39889	42411	37905	42016	43597	41359	31792	10842	25203	10136
26704	37734	43440	42115	45128	45333	44464	43417	27930	33924	24345	18673	16495	37995	38760	39810	42676	38186	42039	43760	41592	31626	10724	25145	10298
26764	38145	43661	41751	45092	45083	44410	43256	27965	33791	24352	18599	16454	38056	38893	39879	42479	38185	41988	43566	41709	31902	10734	25420	10283
26824	37839	43404	41993	44979	45056	44283	43358	27890	33800	24123	18699	16546	37795	39177	39872	42999	38183	41987	43696	41686	31957	10776	25354	10293
26884	38228	43655	41952	45174	45063	44421	43405	27886	33587	24300	18725	16447	37894	38772	39948	42744	38098	42200	43642	41865	32134	10787	25441	10392
26944	37715	43748	42104	45098	45129	44511	43242	27927	33810	24272	18655	16420	38044	39088	40079	42432	38215	42125	43696	41688	32186	10803	25547	10431
27004	37837	43408	42024	44857	45144	44450	43334	27969	33621	24319	18772	16435	37746	38859	39711	42770	38323	42028	43531	41803	31976	10982	25486	10441
27064	37786	43653	42095	45191	45311	44431	43240	27927	33736	24433	18810	16492	38085	38946	39869	42706	38373	41709	43661	41798	32392	10980	25571	10461
27124	37933	43626	41971	45165	45054	44461	43052	27843	33866	24457	18798	16504	38135	39128	39830	42523	38001	42087	43669	41914	32250	10902	25649	10446
27184	38008	43739	42015	45112	45321	44351	43051	27746	33951	24483	18817	16419	37909	38994	39865	42570	38571	42118	43657	41966	32215	11038	25624	10511
27244	38018	43611	41930	45089	45106	44617	43130	27773	33894	24444	18815	16450	38017	38703	39864	42341	38422	42136	43570	42005	32579	10975	25855	10468
27304	38082	43701	41694	45141	44876	44539	43567	27879	33878	24423	18812	16534	38230	39129	39852	42657	38151	41884	43760	41801	32629	11001	25804	10569
27364	38025	43449	41949	45352	45270	44279	43107	27763	33775	24364	18659	16529	38024	38837	39808	42668	38275	41823	43587	42082	32724	11052	26008	10559
27424	37887	43506	41937	44995	45167	44661	43281	27907	33843	24550	18603	16490	38005	39059	39882	42591	38253	42040	43540	42243	32807	11177	25845	10659
27484	37982	43794	41877	45236	45317	44535	43400	28140	33894	24438	18833	16344	38107	38784	39789	42733	38537	42080	43835	42140	32855	11077	26300	10581
27544	38026	43493	41953	45068	45205	44532	43356	27922	33830	24407	18726	16400	38290	39310	40049	42749	38216	42026	43398	42506	32640	11185	26068	10643
27604	37957	43734	41897	45242	45101	44635	43556	27884	33805	24644	18779	16400	37746	39114	39788	42799	38141	42129	43469	42362	32793	11246	26031	10544
27664	37901	43406	42056	45113	44688	44678	43434	27854	34015	24609	18809	16510	38253	38615	39900	42600	38327	42047	43595	42489	33155	11177	26252	10551
27724	37873	43624	41818	44992	44970	44577	43223	27821	33710	24437	18841	16515	37871	39143	39784	42690	38085	42080	43937	42489	33037	11240	26264	10694
27784	37797	43603	41971	45204	45188	44489	43154	27987	33903	24536	18623	16532	37945	38966	39925	42590	38553	42110	43496	42646	33265	11387	26230	10766
27844	37826	43718	42209	45007	45046	44641	43456	27993	33901	24705	18894	16582	37956	39211	39842	42555	38374	42076	43761	42842	33324	11280	26336	10759
27904	37838	43646	42011	45016	44950	44123	43051	27943	33962	24565	18829	16385	37864	38915	39819	42780	38171	41895	43758	42613	33183	11290	26594	10697
27964	38070	43659	41622	45002	45334	44423	43221	27951	33991	24504	18822	16577	37861	39025	39686	42447	38032	42109	43600	42707	33554	11376	26245	10736
28024	37867	43754	42042	45079	45032	44584	43289	27850	33897	24568	18834	16584	38240	38889	39804	42489	38252	41769	43583	42854	33402	11408	26351	10770
28084	37817	43702	42008	45449	45102	44277	43491	28099	33808	24617	18893	16431	37942	38898	39792	42620	38111	41822	43479	42757	33456	11379	26532	10849
28144	38070	43762	41651	45266	45258	44584	43103	27886	33865	24536	18736	16617	37995	39313	39890	42478	38493	42396	43371	42840	33690	11413	26486	10884
28204	37993	43498	42086	44999	45317	44645	43278	28005	33917	24644	18872	16542	38064	38810	39901	42688	38140	42050	43608	43060	33965	11483	26679	10834
28264	38139	43578	41882	45441	45225	44404	43299	28218	33916	24521	18751	16546	38155	38797	39788	42636	38118	42235	43766	43088	33647	11593	26705	10972
28324	38017	43426	41932	45328	45516	44503	43219	28088	33850	24493	18801	16564	37993	38959	39626	42982	38333	42173	43779	43267	33962	11530	26776	10910
28384	37985	43697	41779	45020	45076	44441	43191	27842	34164	24583	18889	16531	38212	39233	39856	42529	38352	42190	43634	43336	33798	11620	26722	10979
28444	37917	43428	41859	45562	45044	44658	43444	28160	33889	24622	18774	16538	38039	38980	39855	42479	38100	42031	43769	43108	33907	11555	26617	11041
28504	38144	43547	41845	44904	45350	44411	43344	28120	33749	24846	18721	16539	38089	38867	39941	42702	38359	42208	43626	43198	34055	11599	27101	10995
28564	37833	43533	42024	45303	45253	44597	43371	28208	33990	24428	18785	16714	37941	38916	39889	42522	38277	41936	43810	43255	34189	11591	26934	11093
28624	37998	43431	42177	45268	45175	44453	43258	28053	33951	24544	18771	16524	37955	38866	39770	42865	38289	42220	43598	43168	34365	11731	27083	11030
28684	37913	43662	41697	45150	45240	44691	43466	28140	33779	24572	18899	16648	37791	39197	39830	42546	38206	41907	43574	43049	34404	11705	26963	11127
28744	37953	43949	41919	45171	45127	44603	43382	27863	33854	24694	18905	16575	38090	39159	39807	42541	38385	42241	43738	43368	34569	11773	27043	11111
28804	38012	43649	42095	45096	45306	44505	43470	28161	33948	24548	18935	16685	38209	38988	39971	42500	38249	42051	43628	43226	34505	11697	27148	11204
28864	37791	43585	41984	45197	45148	44259	43478	28048	33826	24887	18939	16541	37800	38742	39726	42807	38305	42214	43561	43680	34459	11951	27260	11148
28924	37846	43496	42087	45225	45200	44465	43279	28044	33768	24470	18735	16561	38084	38688	39779	42478	38139	42037	43573	43631	34658	11793	27248	11240
28984	37812	43597	42166	44980	44832	44581	43260	28012	33789	24778	18934	16712	37761	38967	39788	42726	38299	42096	43812	43752	34526	11711	27140	11263
29044	38043	43301	41787	45278	45287	44293	43427	28095	33968	24973	18952	16698	37910	39330	39746	42498	38350	42249	43892	43555	34648	11813	27367	11198
29104	37991	43721	41665	45296	45338	44545	43174	28105	33920	24642	18963	16640	38191	38917	39824	42579	38099	41735	43773	43517	34899	11867	27343	11339
29164	37728	43505	41899	44986	45343	44771	43126	27930	34022	24611	18907	16357	38068	38774	39941	42520	38378	42025	43833	43595	35095	11889	27553	11222
29224	37833	43710	42008	45197	44870	44538	43211	28095	34067	24721	18789	16537	37993	38939	39943	42777	38177	41943	43723	43673	35198	11829	27587	11343
29284	37827	43379	41609	45009	44988	44523	43060	28080	33960	24556	18818	16635	38071	39027	39805	42458	38167	42247	43686	43704	35008	11912	27548	11356
29344	37972	43575	41739	45029	45086	44694	43508	28003	33712	24672	18907	16586	38335	38942	39536	42449	38321	42199	43862	43767	34887	11957	27668	11220
29404	37935	43760	42230	45028	45077	44508	43020	28055	33841	24580	18733	16487	37983	38852	39620	42572	38248	42127	43514	43749	35171	11968	27575	11405
29464	38054	43561	42102	45284	45268	44262	43222	27928	34287	24826	18814	16638	37852	38822	39615	42719	38244	42219	43847	43925	35119	12030	27524	11389
29524	38063	43647	41999	45262	45034	44285	43281	28172	34053	24624	18814	16586	38247	38963	39828	42809	38051	41979	43961	43897	35327	12044	27607	11480
29584	37957	43606	41893	45074	45089	44348	43215	28103	33844	24778	18981	16595	37967	39077	40017	42463	38217	42076	43664	43967	35380	12173	27576	11363
29644	38048	43722	42080	45298	44991	44540	43078	28101	34109	24964	18918	16677	37820	39000	39869	42566	38283	42288	43653	44193	35169	12077	28015	11549
29704	37959	43564	42156	45163	45378	44685	43296	28248	34112	24844	18911	16647	37855	38798	39894	42494	38258	41846	43788	44101	35470	12094	27996	11635
29764	37745	43758	42068	45131	45213	44591	43243	28108	34161	24747	18940	16493	38144	39005	39630	42650	38451	41971	43629	44078	35755	12161	27921	11567
29824	38070	43386	41921	44967	44906	44551	43242	28086	33981	24797	18962	16646	38129	39113	39971	42771	38376	42280	43656	44274	35691	12263	28096	11653
29884	38027	43453	41913	44971	45213	44461	43404	28099	33928	24856	18890	16555	38108	38790	39909	42651	38205	42091	43806	43943	35702	12324	28138	11547
29944	37872	43656	42022	44887	45128	44705	43350	28205	33925	24900	18779	16618	38257	38890	39811	42597	38259	42259	43467	44415	36002	12132	27988	11590
30004	37884	43557	41872	45228	45021	44551	43248	28003	34260	24842	18888	16526	37875	38806	39928	42401	38418	42041	43519	44555	35804	12425	28087	11535
30064	37802	43497	42088	45284	45057	44426	43165	28307	33841	24776	18876	16552	37995	39090	39934	42953	38552	42138	43293	44254	35841	12333	28366	11685
30124	38043	43582	41995	45110	44979	44678	43413	28341	33988	24853	18869	16498	37748	38884	39855	42581	38403	42196	43668	44051	35969	12469	28370	11759
30184	37842	43649	42042	45277	45102	44567	43349	28207	34008	24842	18833	16667	37982	38964	39882	42655	38338	42113	43605	44005	36148	12502	28082	11663
30244	37697	43602	42005	45308	45339	44859	43578	28051	33908	24799	18914	16612	38060	38786	40015	42939	38442	42148	43972	44415	35997	12523	28371	11815
30304	38180	43720	41906	45300	44879	44601	43332	28132	33982	24867	18944	16690	37982	39055	39671	42646	38182	42156	43698	44330	36167	12472	28246	11752
30364	38013	43489	41901	44786	45168	44579	43367	28274	34114	24898	18929	16788	38097	38767	39709	42626	38401	42064	43610	44649	36341	12378	28386	11768
30424	37861	43533	41982	45269	44974	44430	43179	28232	34285	24896	18908	16703	38054	39077	39956	42661	38337	42251	43707	44504	36605	12444	28318	11889
30484	37762	43506	42141	45312	45158	44470	43204	28130	33880	24867	18809	16726	38154	39044	39990	42866	38258	42257	43453	44441	36466	12564	28535	11924
30544	37860	43600	42203	45009	45124	44470	43148	28151	33903	24715	18852	16684	37889	38863	40096	42669	38353	42089	43804	44337	36803	12508	28343	11885
30604	37550	43643	41857	45112	45197	44488	43233	28170	34060	24886	18709	16674	37791	38980	39746	42697	38293	42108	43716	44626	36600	12615	28851	11914
30664	38015	43541	42013	45096	44963	44602	43193	28314	34258	24942	18852	16601	37969	39267	39919	42627	38477	42114	43762	44431	36799	12601	28833	11879
30724	37993	43574	41808	45070	45064	44485	43306	28192	34063	24731	18901	16616	37922	39069	39780	42592	38412	42073	43700	44353	36829	12712	28492	12039
30784	38069	43488	42071	45220	45216	44553	43662	28029	34010	24858	18895	16697	38292	38930	39902	42675	38446	42224	43636	44262	36704	12733	28975	11901
30844	37883	43715	42027	45351	45060	44397	43487	28241	33919	24820	19013	16689	37880	38956	39742	43002	38144	42058	43423	44403	36907	12584	29008	12089
30904	37952	43540	41824	45144	45169	44610	43188	28164	34053	24871	18893	16619	37913	38998	39909	42548	38161	42136	43585	44419	37002	12624	28992	12070
30964	38156	43654	42163	45215	45088	44477	43543	28282	34119	25080	18892	16653	38082	38869	39723	42421	38416	42266	43793	44611	36970	12724	28760	12118
31798	48486	53765	53436	55104	54305	54105	55472	51115	51222	49676	49380	48007	47934	47480	51086	54141	48643	53391	55439	55859	51324	40774	48601	39432
31858	48311	53523	52823	54536	54234	53821	55452	51252	50948	49539	49676	48615	47744	46989	50399	54029	48246	52637	54445	55645	51488	42363	49074	41656
31918	47321	52831	52267	53859	53607	53350	54841	50811	50514	49449	49549	48510	47121	46330	49708	52906	47334	51840	53681	54340	50690	43000	49128	42911
31978	46720	52288	51567	53400	52990	52647	54491	50398	50128	49105	49442	48604	46551	45435	48849	51903	46665	51146	53206	53683	49932	43385	48919	43281
32038	45887	51789	50329	52580	52237	52386	53956	50164	49855	49002	48666	48237	45907	44874	48319	50843	45988	50798	52441	52924	49289	43192	48049	43474
32098	44945	50850	49855	51819	51656	51842	52895	49769	49379	48279	48331	47913	45189	43869	47347	50443	45117	49742	51545	52136	48505	42831	47939	43494
32158	44509	50191	48814	51360	51012	51024	52581	49203	48960	48099	48233	47711	44489	43390	46727	49871	44506	48953	50543	51217	47840	42740	47245	43286
32218	43884	49720	48075	50604	50481	50686	52236	48803	48302	47567	47746	47607	43891	42908	46471	49059	44019	48638	49858	50831	47440	42539	46972	43324
32278	43672	48999	47858	49887	49940	50157	51300	48438	47928	47342	47319	46795	43383	42196	45506	48609	43391	47451	49070	50074	46744	42399	46388	42723
32338	42890	48351	47214	49294	49741	49905	51038	47862	47406	47201	46698	46659	43143	41701	45029	47484	43076	47242	48723	49738	46856	41855	46213	43021
32398	42429	48119	46442	48429	49243	49161	50567	47288	46918	46390	46283	46111	42214	41383	44498	47013	42406	46761	48232	49236	46251	41594	45664	42754
32458	41986	47361	46212	48363	48923	48784	50432	47059	46462	46141	46461	45797	42163	41262	43849	46793	42087	46202	47738	48650	45788	41493	45044	42429
32518	41608	46925	45818	48000	48447	48489	49884	46870	46110	45645	45740	45801	41468	40408	43273	46060	41486	45845	46904	48000	45355	41129	44814	42169
32578	41221	46944	45193	48013	48013	47980	49580	46557	46373	45566	45819	45390	41016	40144	43002	45682	41289	45304	47078	47865	44855	40934	44392	41946
32638	40919	46425	44826	47417	47686	47825	48897	46316	45833	45136	44835	45040	40551	39863	42800	45424	40609	44492	46401	47493	44433	40523	44356	41741
32698	40399	46148	44801	46904	47304	47411	48518	45847	45652	44692	44967	44821	40453	39270	42348	45060	40760	44729	45782	46738	44194	40249	43713	41380
32758	40185	45799	44335	46653	46873	47054	48555	45381	45251	44550	44649	44419	39875	39337	41916	44610	40345	44124	45602	46654	44312	40351	44041	41155
32818	39780	45487	44028	46292	46758	46720	48182	45167	44846	44410	44496	44228	39781	38905	41495	44416	39980	43955	45506	46588	44295	40328	43460	41031
32878	39699	45356	43849	46106	46458	46671	47862	44859	44795	43900	44138	44200	39437	38973	41511	43963	39954	43928	44970	46275	43783	39949	43584	40998
32938	39501	44701	43366	46089	46326	46216	47582	45120	44304	43874	43987	43807	39185	38274	41034	43893	39729	43414	45062	45992	43890	39466	43030	40785
32998	39330	44676	43245	45613	45959	46153	47741	44640	44346	43598	43754	43824	39095	38196	40905	43667	39392	43154	44946	45735	43376	39835	42923	40527
33058	38884	44522	42751	45418	45618	46007	47070	44471	43904	43394	43450	43459	38807	37815	40909	43476	38943	43065	44179	45576	43196	39477	42788	40292
33118	38900	44569	42693	45346	45343	45996	47311	44300	43663	43577	43336	43169	38507	37773	40706	43168	38929	42571	44227	45235	42856	39287	43005	40299
33178	39016	44150	42564	45056	45106	45467	46667	44159	43505	42910	43402	43164	38297	37454	40167	43042	38731	42414	44160	45131	42996	39011	42340	40384
33238	38576	44022	42095	44925	45309	45637	46425	44036	43448	42889	43098	42915	38243	37735	40261	42776	38703	42412	44034	44748	42672	39350	42435	40232
33298	38360	43915	42653	44662	44993	45094	46452	43805	43714	42936	42710	42974	38152	37113	39898	42720	38480	42291	43916	44894	42490	39035	42377	40141
33358	38660	43817	42214	44747	44843	45038	46364	44224	43573	42670	42672	42826	37952	37182	40089	42683	38074	42305	43561	44675	42618	38867	42078	40155
33418	38247	43711	42009	44518	44868	45099	46404	43598	43287	42471	42467	42388	37906	36942	39800	42321	38115	42418	43123	44743	42177	39057	42135	39912
33478	38059	43509	41886	44411	44743	44894	46103	43566	42924	42218	42502	42503	37655	36797	39555	42405	38317	41966	43147	44530	42086	38789	41902	39836
33538	38004	43225	41767	44331	44545	45062	46183	43798	42811	42406	42402	42495	37660	36978	39588	42449	37825	41872	43373	44569	41886	38499	41806	39917
33598	38033	43187	41697	44507	44682	44714	45728	43261	42672	42146	42409	42604	37544	37006	39307	42196	37930	41693	43205	44507	42131	38732	42232	39608
33658	37771	43091	41628	44209	44131	44589	45686	43511	43010	42205	42289	42341	37475	36660	39326	42076	37587	41957	42954	44180	41805	38916	41558	39602
33718	38053	43188	41690	44186	44423	44449	45765	43362	42636	42087	42250	42147	37047	36699	39257	42086	37983	41785	42797	44072	41810	38722	41752	39476
33778	37750	43196	41411	43880	44080	44251	45988	43353	42515	41872	42129	42282	37259	36566	39209	42191	37796	41323	42764	43909	41890	38447	41708	39622
33838	37678	43117	41014	44185	44181	44431	45584	43498	42319	42162	41839	42161	36930	36360	39131	41794	37630	41259	42878	44117	41843	38686	41714	39668
33898	37409	43135	41426	43969	44194	44250	45772	43424	42409	41844	41705	42191	37074	36451	39014	42047	37666	41549	42856	43866	41793	38367	41582	39466
33958	37679	42898	41302	43936	43984	44395	45517	43159	42471	42187	41832	42322	37006	36461	39144	41720	37525	41390	42660	44036	41627	38688	41384	39591
34018	37423	43064	41213	44212	44192	44415	45372	43029	42585	41880	42016	42112	36904	36512	38734	41710	37672	41463	42856	43885	41552	38421	41582	39263
34078	37552	42776	41249	43862	44077	44003	45407	43050	42215	41538	41912	41675	36905	36294	38852	41397	37343	41140	42597	44016	41610	38220	41530	39435
34138	37409	42656	41225	43779	44048	44171	45567	42844	42574	41602	42139	42103	36966	36365	38730	41687	37358	41448	42649	43810	41691	38091	41264	39143
34198	37089	42501	41229	43683	44084	44205	45478	43176	42211	41779	42037	41857	36869	36415	38863	41495	37535	41408	42667	43848	41511	38320	41447	39231
34258	37095	42605	41193	43820	44040	44098	45296	43020	42418	41627	41954	41924	36804	36206	38514	41879	37061	41340	42374	43685	41587	38198	41409	39258
34318	37490	42731	40997	43562	43955	44194	45338	42969	42250	41594	41982	41746	36835	36025	38766	41403	37129	41008	42648	43637	41536	38048	41301	39263
34378	37416	42736	40841	43829	43701	44066	45440	42927	42199	41706	41770	41832	36888	35958	38592	41223	37291	40962	42396	43610	41492	38126	40979	39365
34438	37418	42685	40668	43721	43569	44210	45234	42771	42152	41491	41930	42102	36654	36179	38644	41555	37065	41266	42520	43758	41625	38097	41290	39242
34498	37070	42667	40870	43627	43680	44081	45055	42877	42164	41451	41691	41859	36719	36290	38526	41433	37216	41076	42564	43749	41477	38241	41218	39132
34558	37228	42429	40889	43663	43563	44225	45246	43043	42282	41460	41729	41958	36607	36005	38774	41319	37222	40719	42453	43870	41308	38233	41347	39354
34618	37059	42546	41004	43557	43271	43925	45601	42990	42240	41445	41808	41751	36675	35980	38383	41426	37392	40932	42227	43556	41806	37988	41011	39132
34678	37250	42467	40759	43732	43805	43916	45008	42714	42240	41410	41619	41724	36725	35938	38338	41562	37171	40816	42454	43499	41298	38047	41002	39096
34738	37152	42524	40900	43663	43739	43835	45457	42873	42374	41484	41817	41871	36873	36026	38405	41534	37126	41082	42213	43584	41570	38197	41342	39209
34798	37498	42491	40886	43796	43797	43937	45230	42748	42111	41656	41561	41783	36518	36170	38615	40986	36899	40898	42048	43457	41404	37868	41116	39105
34858	37148	42571	40808	43522	43546	43916	45284	42979	42187	41454	41588	41728	36497	36093	38684	41298	37166	40980	42290	43468	41527	37979	41280	39125
34918	37046	42319	40641	43689	43325	43906	45170	42910	41991	41397	41779	41564	36632	36140	38137	40960	36906	41143	42443	43645	41407	38015	41043	38754
34978	37072	42639	41002	43682	43484	43750	45394	42599	41807	41405	41663	41825	36787	36187	38268	41245	37319	40920	42283	43665	41209	38057	41074	39093
35038	37063	42592	40646	43447	43572	44013	45083	42871	42079	41708	41593	41717	36652	36129	38152	41013	37083	40781	42080	43453	40970	38098	41133	38936
35098	37181	42189	40750	43459	43468	43511	45140	42862	41997	41742	41708	41828	36504	36275	38540	41119	37080	40563	42156	43416	41167	37778	40887	39014
35158	37269	42331	40576	43717	43711	43769	45080	42771	41899	41265	41493	41749	36544	35985	38396	41171	37283	40433	42273	43133	41569	38177	40869	39000
35218	37050	42250	40618	43544	43643	43753	44946	42698	42172	41336	41519	41826	36643	36239	38204	41268	37316	40770	41968	43452	41437	38007	41323	38967
35278	37185	42261	40846	43731	43424	43908	45350	42830	42113	41463	41691	41639	36442	35936	38375	41058	37047	40693	42567	43438	41515	38230	41022	39259
35338	37225	42483	40576	43696	43434	43914	45189	42693	41933	41471	41699	41934	36600	36128	38405	41257	37097	40944	42137	43403	41318	37992	41077	38866
35398	37284	42451	40515	43678	43594	43726	45091	42949	41762	41325	41469	41850	36381	36106	38526	41128	37110	40662	42007	43459	41337	37944	40783	38988
35458	37029	42456	40773	43316	43436	43871	44824	42640	41904	41388	41386	41883	36426	35945	38179	41284	37072	40518	42219	43105	41502	38031	40926	39211
35518	36905	42362	40863	43432	43555	43947	45037	42929	41738	41273	41559	41497	36410	36069	38396	41078	37022	40653	42137	43608	41320	38242	41137	39186
35578	36925	42363	40847	43354	43413	43993	45004	42600	42008	41396	41757	41444	36472	35753	38003	41352	36930	40629	42066	43180	41476	38087	41156	39106
35638	37104	42417	40550	43410	43560	43771	45269	42776	41878	41515	41596	41874	36389	36033	38426	41084	36942	40577	42227	43410	41244	37892	41270	39320
35698	36709	42163	40774	43552	43464	43702	45040	42795	41874	41553	41352	41574	36461	35886	38502	40893	37017	40821	41833	42987	41128	37784	41118	39287
35758	36933	42368	40658	43270	43618	43995	45249	42857	42166	41249	41591	41730	36392	36085	38436	41171	36987	40818	42313	43441	41164	38146	41083	39073
35818	36800	42355	40559	43468	43407	43803	45144	42891	41959	41188	41647	41570	36561	36086	38170	41201	37123	40701	42089	43325	41208	37935	41038	38858
35878	37030	42406	40395	43372	43354	43972	44850	42938	41894	41374	41557	41690	36679	36090	38502	41282	36963	40867	42047	43428	41123	37957	41068	39023
35938	37018	42253	40682	43364	43507	43753	45112	42896	41994	41505	41806	41862	36567	35911	38325	41218	36850	40689	42075	43718	41139	37934	40979	39107
35998	36777	42449	40561	43561	43392	43701	44739	42584	41861	41122	41617	41743	36400	36235	38307	41445	36975	40736	42139	43439	41263	38013	41172	38988
36058	36909	42319	40596	43348	43274	43777	45345	42574	41835	41360	41565	41717	36230	35974	38610	41073	36815	40758	42204	43717	41264	37898	40933	39069
36118	37095	42386	40567	43414	43329	43851	45172	42540	41701	41510	41689	41544	36646	35823	38322	41056	36796	41018	42193	43457	41523	37759	41077	38826
36178	36905	41890	40384	43501	43321	43741	45138	42916	41837	41114	41534	41851	36392	35804	38374	41099	36789	40591	42076	43494	41398	37663	40998	39041
36238	36810	42244	40636	43559	43555	43771	45111	42687	42199	41586	41451	41626	36499	35944	38392	41217	37084	40872	42316	43316	41384	37782	41018	39223
36298	36721	42211	40609	43554	43449	43877	45255	42755	41897	41452	41764	41894	36347	35981	38119	41062	36904	40671	42087	43404	41369	37877	40950	39048
36358	37140	42377	40593	43608	43319	44008	44925	43032	42244	41483	41686	41885	36295	36188	38331	41118	36850	41049	42187	43270	41333	37965	40986	38994
36418	36896	42339	40281	43385	43169	43866	44941	42570	41852	41547	41402	41768	36254	36282	38105	40994	37067	40721	42115	43326	41098	37999	41156	39181
36478	36746	42310	40558	43225	43562	43776	45010	42754	41873	41206	41388	41746	36361	36009	38191	41032	36713	40753	42332	43266	41271	37575	41150	39094
36538	36711	42055	40356	43468	43438	43806	45297	42949	42019	41564	41629	41987	36443	36004	38274	40953	36991	40939	42110	43514	41545	37891	40855	39062
36598	36910	42359	40427	43524	43462	43698	45174	42828	42112	41443	41771	41866	36438	36111	38336	41035	36839	40647	42291	43414	41060	38049	40817	39048
36658	36914	42379	40514	43236	43429	44025	45240	42834	42094	41360	41450	41622	36422	35996	38215	41208	37029	40881	42102	43530	41289	38031	40950	39259
36718	37151	42401	40432	43348	43567	43991	45108	42743	42134	41620	41769	41775	36409	36083	38333	40882	37113	40804	42451	43313	41425	37976	41095	39226
36778	37226	42324	40607	43550	43514	43796	45122	42726	42039	41170	41613	41547	36404	36013	38471	41032	36857	40802	42117	43503	41389	37821	41093	38887
36838	36838	42464	40624	43858	43639	43740	44947	42645	42052	41415	41727	41441	36238	36026	38318	40964	36838	40546	42075	43522	41259	37813	41050	39228
0																								
0																								
0																								

