640,681

Time	J2	J3	J4	K2	K3	K4	L2	L3	L4	M2	M3	M4	N2	N3	N4	O2	O3	O4
0	782	778	769	789	774	786	792	748	810	806	780	786	779	775	756	794	806	757
60	754	804	808	802	775	780	774	767	837	780	762	766	763	748	749	769	774	778
120	762	812	778	825	786	784	780	762	830	765	794	778	729	750	744	748	784	736
180	755	784	771	780	794	779	771	765	833	729	747	788	713	758	728	764	739	752
240	764	759	793	723	796	759	791	743	851	762	760	774	733	737	749	739	773	752
300	745	755	745	748	776	798	782	728	787	750	757	776	728	743	734	755	762	711
360	741	760	785	727	780	757	772	740	769	741	758	764	740	741	742	732	774	756
420	730	758	775	768	778	770	794	720	819	758	750	762	716	718	739	743	724	737
480	723	762	761	752	765	753	744	746	806	764	741	777	733	730	745	735	712	749
540	752	754	761	783	773	766	771	741	783	749	735	755	725	711	733	734	736	719
600	744	775	761	774	783	726	762	725	793	751	741	737	711	746	751	737	734	720
660	720	773	762	752	757	751	766	736	776	747	726	765	702	741	718	705	736	717
720	734	760	788	743	762	774	740	711	787	728	738	761	750	736	732	730	732	710
780	739	750	760	780	736	768	776	732	774	746	767	752	739	721	704	728	764	730
840	762	732	768	758	739	738	784	738	763	753	751	775	752	747	736	691	733	730
900	734	756	773	763	729	786	754	713	752	745	750	745	711	730	730	719	734	733
960	752	719	764	758	762	727	754	732	791	736	738	769	715	747	688	739	750	725
1020	751	758	770	718	750	754	760	742	803	736	757	740	706	721	727	698	726	729
1080	728	735	729	715	745	753	746	737	761	740	731	754	718	735	723	700	766	718
1140	702	746	773	746	742	743	771	742	745	732	734	800	684	731	741	703	747	733
2249	753	801	817	781	779	782	798	784	744	781	781	830	778	773	792	796	770	781
2309	748	751	758	785	834	780	783	765	744	767	808	792	769	741	784	772	761	760
2369	740	771	801	749	790	747	775	768	752	776	736	776	736	771	727	755	775	720
2429	750	758	726	771	782	753	759	763	729	758	790	782	759	760	735	772	740	764
2489	724	739	714	773	755	761	765	757	727	737	765	756	738	760	715	738	709	728
2549	715	748	739	714	756	728	771	733	690	737	739	753	728	748	707	708	729	745
2609	711	757	727	733	753	714	741	747	711	766	701	759	701	743	703	719	737	737
2669	685	719	717	731	757	749	733	719	741	711	723	773	700	717	692	693	715	699
2729	698	710	703	703	737	728	723	683	697	736	695	751	721	716	722	723	694	694
2789	680	706	704	689	741	716	671	700	677	709	722	722	691	691	708	683	728	713
2849	726	723	703	693	747	724	724	692	669	734	705	721	683	703	670	699	696	727
2909	700	704	687	679	736	718	706	694	679	708	698	709	715	705	692	715	702	669
2969	717	705	721	664	709	719	691	681	678	676	684	688	675	672	684	704	719	678
3029	654	702	692	701	733	682	701	711	674	716	681	684	681	706	682	658	678	674
3089	675	680	725	678	721	691	707	681	690	673	716	715	696	713	670	720	668	701
3149	678	714	674	666	731	686	682	677	662	701	668	673	696	708	690	667	698	697
3209	693	691	691	683	691	682	716	696	640	668	681	706	690	686	699	645	712	672
3269	689	672	694	691	709	678	700	667	647	672	657	699	685	685	682	686	682	666
3329	676	699	665	651	701	678	681	683	691	689	666	674	686	674	663	661	673	665
3389	682	675	681	674	706	673	672	652	658	703	664	681	676	700	669	690	658	663
3449	675	682	656	689	733	702	706	655	644	686	683	673	661	695	685	704	662	683
3509	678	653	699	669	682	696	701	694	674	654	682	677	652	674	670	696	671	677
3569	658	669	671	689	696	682	697	696	654	687	666	677	657	655	652	707	653	673
3629	683	680	687	678	685	695	704	655	658	679	698	676	675	695	653	656	692	649
3689	689	677	686	679	683	677	658	672	660	675	655	682	668	687	657	686	640	693
4323	15522	15568	14729	12966	11261	7122	2779	2529	1572	1831	1844	1489	1297	1091	950	900	796	743
4383	16067	16310	15637	13949	12340	8049	3001	2621	1626	2014	1978	1651	1382	1190	1051	895	808	709
4443	16586	16692	16341	14991	13241	8970	3263	2787	1686	2165	2151	1749	1424	1231	1022	911	803	743
4503	17129	17438	17253	15953	14545	10166	3464	2923	1731	2281	2283	1901	1494	1257	1041	901	791	753
4563	17777	18162	18235	17063	15827	11703	3864	3058	1763	2514	2483	2045	1574	1318	1082	882	778	751
4623	18780	18952	19427	18436	17151	13418	4450	3183	1827	2696	2691	2207	1725	1391	1078	880	792	746
4683	19650	20204	20735	19967	18929	15506	4998	3406	1841	3064	2961	2459	1815	1442	1100	883	822	736
4743	20821	21087	21960	21641	20746	17514	5647	3746	1926	3529	3358	2761	2008	1538	1128	873	769	768
4803	22025	22634	23695	23499	22726	19940	6382	3995	2041	4032	3807	3031	2228	1646	1109	873	782	730
4863	23491	23669	25076	25207	24824	22398	7321	4366	2044	4616	4219	3357	2429	1771	1165	888	768	718
4923	25154	25307	26603	27088	26820	24851	8551	4706	2232	5368	4779	3854	2753	1852	1190	897	761	694
4983	26598	26648	28375	28752	28684	27523	9604	5117	2246	6133	5449	4294	3069	1979	1226	882	762	708
5043	27963	27963	29657	30863	31333	30031	11009	5545	2357	6849	6245	4890	3427	2149	1286	882	755	726
5103	29300	29256	31178	32429	33144	32656	12589	6048	2514	7892	6851	5555	3847	2308	1298	924	764	691
5163	30891	30613	32488	34147	35256	34908	14021	6557	2612	8858	7862	6030	4160	2438	1327	952	749	717
5223	32017	32005	33851	35288	37100	37174	15756	7219	2716	9820	8861	6782	4657	2623	1383	926	769	720
5283	33198	33411	35193	36792	38716	39018	17576	7805	2882	11025	9725	7544	5066	2806	1420	932	756	683
5343	34245	34336	36070	37796	40205	40978	19493	8461	3032	12085	10823	8389	5542	2966	1492	977	812	707
5403	35564	35449	37206	39287	41478	42395	21263	9108	3164	13320	11806	9076	5982	3211	1479	942	758	730
5463	36077	36574	37929	39978	42703	44270	23545	9859	3302	14549	13104	10026	6625	3490	1555	990	803	686
5523	37156	37154	38910	40461	43854	45320	25160	10599	3551	15793	14147	10956	7129	3664	1627	984	775	713
5583	37686	37934	39400	41587	44941	46433	27539	11477	3682	17094	15174	11883	7714	3888	1666	987	771	692
5643	38501	38927	40205	42174	45653	47170	29569	12300	3852	18376	16416	13006	8177	4069	1720	1028	787	724
5703	38873	39342	40583	42761	46108	47915	31471	13110	4031	19555	17666	13926	8796	4383	1742	1063	790	674
5763	39296	40040	41038	43047	46522	48612	33486	14043	4242	20877	18835	14956	9481	4651	1843	1004	754	739
5823	40016	40115	41732	43950	47178	48775	35609	15044	4523	22329	20005	15830	10049	4863	1906	1070	785	718
5883	40549	40719	41937	44145	47743	48942	37470	16013	4648	23470	21489	16878	10790	5247	1962	1092	813	710
5943	40673	41418	42371	44380	47627	49244	39380	16820	4863	24697	22646	17795	11391	5436	2002	1103	819	741
6003	40908	41433	42576	44704	47774	49395	40953	17648	5002	26057	23843	19028	11829	5743	2097	1071	793	707
6063	41291	42087	42789	44998	48157	49661	42762	18683	5347	27080	25175	20082	12612	5978	2128	1109	834	710
6123	41625	41966	43261	45290	48007	49731	44136	19673	5505	28446	25932	21043	13146	6128	2251	1120	813	698
6183	41406	42244	43142	45289	48434	49732	45304	20581	5775	29567	27483	22123	13986	6594	2286	1151	812	728
6243	41994	42305	43328	45403	48512	49734	46846	21805	6039	31180	28532	23298	14489	6813	2343	1155	829	731
6303	42130	42465	43554	45552	48651	49822	47833	22785	6327	32206	29763	24183	15335	7034	2370	1208	832	696
6363	41989	42463	43538	45675	48555	49999	48695	23770	6540	33120	30892	25171	15872	7431	2440	1192	859	730
6423	42334	42681	43786	45931	48560	49552	49673	24925	6749	34359	31745	26160	16466	7712	2511	1209	821	748
6483	42143	43124	43919	45435	48818	49685	50070	25765	6951	35121	33038	27549	17397	8048	2586	1213	865	750
6543	42741	42632	43803	45773	48829	49634	50702	26859	7307	36170	34077	28366	17838	8337	2699	1235	852	721
6603	42852	43288	44119	45900	48902	49546	50963	27954	7678	37152	34846	29594	18614	8609	2798	1230	846	732
6663	42496	42874	44110	46180	48461	49677	51458	28969	7815	38178	35840	30318	19355	8891	2790	1254	844	733
6723	42954	43233	44155	46144	48486	49995	51599	30159	8172	39102	36564	31684	20003	9272	2864	1270	850	727
6783	42421	43208	44521	46247	48580	49839	51736	31118	8461	39817	37539	32110	20620	9451	2930	1291	866	744
6843	42831	43161	44081	46495	48533	49804	52141	32027	8755	40307	37905	32838	21414	9843	2996	1312	883	749
6903	42756	43658	44304	46335	48805	49784	52153	33278	8984	41194	39096	33868	22192	10263	3074	1305	894	742
6963	42734	43478	44567	46348	48792	49705	52340	33747	9370	41924	39543	34782	22751	10473	3079	1340	867	721
7023	42865	43210	44301	46539	48601	49503	52165	35310	9685	42539	40232	35474	23442	10889	3206	1338	864	725
7083	42734	43430	44503	46555	48601	49673	52313	36204	9863	42825	40998	36269	24091	11195	3293	1381	914	781
7143	43303	43629	44317	46384	48889	49811	52564	36945	10095	43115	41354	37326	24894	11484	3364	1409	880	760
7203	43037	43604	44398	46335	48918	49571	52195	37995	10607	43695	41786	38184	25475	11810	3450	1404	896	763
7263	42933	43423	44429	46463	48780	49335	52278	38560	10991	44150	42106	38286	25995	11929	3533	1396	879	746
7323	43166	43754	44369	46358	48822	49566	51997	39553	11268	44437	42349	39664	26689	12465	3596	1437	927	756
7383	43199	43263	44531	46412	48810	49577	52198	40450	11487	44477	43000	40355	27263	12634	3604	1437	897	779
7443	42780	43894	44623	46478	48804	49778	52258	41161	11859	44470	42960	40589	27961	13168	3735	1469	923	793
7503	42915	43150	44706	46233	48853	49429	51849	42302	12177	44943	43327	41386	28643	13335	3756	1480	929	735
7563	43003	43748	44527	46367	48812	49380	52084	43021	12449	44806	43638	41913	29279	13736	3923	1512	914	782
7623	43283	43549	44546	46451	48904	49395	51798	43528	12766	44865	43242	42584	29783	13787	3915	1538	954	792
7683	43262	43370	44275	46292	48708	49581	52283	44495	13212	45202	43775	42819	30439	14339	3978	1491	941	770
7743	43036	43631	44334	46474	48631	49750	52236	45162	13506	45284	43833	43337	31041	14646	4071	1534	933	782
7803	43114	43497	44597	46723	48785	49456	52330	46031	13905	45418	43801	43601	31940	14940	4139	1537	957	764
7863	43247	43432	44493	46595	48907	49546	52157	46390	14239	45476	43946	44014	32223	15150	4181	1575	953	748
7923	43147	43319	44481	46341	48518	49372	52333	47011	14472	45381	44160	44280	32914	15635	4235	1565	990	782
7983	43123	43653	44378	46273	48656	49386	52204	47563	14850	45276	43911	44505	33496	15857	4360	1610	984	819
8043	43286	43421	44460	46693	48897	49650	52424	48364	15229	45528	44066	44866	34127	16269	4465	1639	960	778
8103	42969	43534	44651	46586	48721	49406	51945	48648	15563	45519	44232	44781	34351	16528	4491	1629	1003	764
8163	43111	43539	44686	46286	48776	49322	52083	49149	15901	45552	44158	45157	35172	16888	4593	1652	994	794
8223	43197	43950	44618	46471	48829	49291	52250	49385	16170	45644	44098	45287	35583	17166	4711	1664	986	799
8283	43276	43708	44240	46656	48786	49279	52323	49960	16424	45370	43758	45242	36410	17590	4709	1686	992	789
8343	43330	43698	44323	46335	48575	49536	52007	50206	17153	45295	44098	45693	36687	17694	4884	1681	1008	784
8403	43104	43695	44958	46381	48728	49785	52054	50369	17421	45733	43886	45973	37221	18213	4948	1666	993	810
8463	43177	43703	44853	46384	48794	49446	52318	50905	17637	45676	44369	45714	37809	18571	4936	1743	1029	787
8523	42941	43573	44548	46414	48693	49725	52142	51045	17904	45613	44112	45694	38150	18731	5108	1730	1009	771
8583	43068	43460	44326	46454	48499	49401	52066	51394	18279	45563	43963	45684	38652	19006	5121	1749	1026	781
8643	43158	43856	44590	46330	48745	49490	52269	51320	18743	45490	43951	46064	38906	19437	5178	1735	1030	786
8703	43332	43667	44678	46385	48591	49316	52584	51691	19169	45709	44122	46003	39429	19620	5246	1776	1049	826
8763	43498	43762	44745	46377	48759	49687	52515	51803	19336	45496	44230	45923	39840	19917	5359	1798	990	790
8823	43356	43853	44733	46319	48921	49274	52179	51986	19691	45533	44109	45813	40330	20435	5397	1855	1041	797
8883	43220	43605	44603	46409	48837	49598	52186	51558	20028	45692	44085	45797	40808	20663	5557	1815	1053	812
8943	43239	43933	44563	46316	48689	49530	52300	52240	20375	45835	44032	46284	41185	21065	5555	1852	1079	824
9003	43165	43939	44464	46557	48402	49273	52194	52408	20748	45777	44177	45975	41321	21189	5647	1925	1041	838
9063	42887	43601	44562	46376	48975	49326	52056	52233	20920	45625	44079	46256	41959	21623	5720	1912	1049	813
9123	43255	43827	44696	46478	48893	49590	52495	52393	21304	45512	44188	46136	42209	21759	5816	1912	1066	818
9183	43330	43258	44617	46419	48652	49598	52493	52450	21508	45586	44040	46159	42455	22192	5791	1916	1049	816
9243	43310	43734	44645	46478	48682	49712	52256	52540	21844	45617	44111	46100	42912	22554	5909	1906	1030	810
9303	43096	43724	44584	46664	48671	49522	52359	52358	22157	45602	44314	46034	42754	22714	5978	1948	1015	814
9363	43540	43586	44880	46295	48911	49735	52344	52411	22558	45649	44161	46325	43096	23090	6068	1977	1055	790
9423	43386	43599	44826	46917	48905	49764	52511	52303	22809	45767	43981	46237	43459	23318	6136	1977	1097	843
9483	43134	43763	44627	46416	48608	49587	52542	52354	23058	45410	44260	46198	43478	23785	6209	1968	1095	833
9543	43301	43766	44685	46615	48855	49497	52243	52143	23347	45587	44108	46402	43903	23837	6251	1997	1076	817
9603	43271	43416	44698	46691	48918	49517	52066	52779	23472	45880	44092	46234	43781	24318	6422	1994	1099	814
9663	42897	43626	44347	46674	48772	49588	52401	52616	23887	45485	44047	46021	43922	24633	6421	2035	1089	831
9723	42963	43772	44749	46614	48893	49599	52354	52418	24122	45873	44452	46076	44120	24985	6556	2083	1082	811
9783	43159	43535	44721	46334	48613	49486	52350	52391	24216	45354	44326	46024	44633	25284	6630	2019	1117	811
9843	43377	43942	44737	46766	48659	49570	52129	52243	24483	45569	44034	46248	44572	25400	6649	2060	1106	801
9903	43015	43677	44927	46884	48617	49711	52506	52486	24616	45515	44182	46219	44865	25685	6793	2084	1117	838
9963	43200	43945	44520	46502	48893	49367	52232	52857	24834	45658	44153	46155	44707	26083	6792	2149	1144	830
10023	42967	43380	44396	46871	49055	49668	52342	52422	25088	45561	44239	46156	44832	26638	6908	2134	1100	816
10083	43487	44124	44744	46692	49118	49502	52565	52589	25256	45794	44240	46457	44881	26623	6983	2142	1116	873
10143	43261	43661	44648	47102	48795	49417	52412	52589	25508	45548	43984	45932	45170	27072	7041	2133	1132	802
10203	43080	43629	44593	46807	48598	49479	52545	52482	25682	45488	44260	46428	44932	27433	7101	2152	1135	845
10263	43089	43623	44676	46786	48584	49447	52408	52645	25847	45637	44084	46169	45018	27537	7242	2197	1112	846
10323	43290	43588	44794	46579	48642	49502	52096	52544	26044	45794	44401	46268	44886	27770	7295	2223	1155	853
10383	43455	43635	44653	46730	48855	49477	52446	52572	26196	45849	44016	46333	45138	27948	7324	2271	1163	828
10443	43534	43514	44504	46673	48644	49616	52306	52472	26271	45885	44047	46081	45267	28426	7361	2235	1113	861
10503	43291	43655	44707	46602	48843	49570	52252	52402	26215	45656	44283	46142	45142	28950	7484	2295	1124	846
10563	43147	43595	44823	46549	48829	49631	52427	52626	26681	45651	44108	46238	44977	29037	7486	2232	1177	870
10623	43429	43957	44656	46791	48761	49469	52411	52720	26822	45334	44098	46256	45186	29141	7591	2259	1141	842
10683	43181	43672	44692	46842	48786	49440	52065	52706	27015	45658	44109	46140	45501	29694	7810	2288	1164	867
10743	43523	43747	44438	46702	48982	49502	52330	52460	26956	45727	44037	46396	45387	30030	7693	2260	1139	860
10803	42996	43796	44635	46604	48835	49540	52269	52766	27124	45617	44046	46199	45329	30093	7909	2339	1184	819
10863	43167	43847	44739	46627	48978	49489	52564	52447	27361	45548	44210	46224	45440	30535	8001	2339	1131	830
10923	43394	43684	44656	46584	48890	49594	52540	52642	27231	45466	44081	46325	45196	30401	8108	2366	1181	799
10983	43263	43547	44466	46702	48634	49070	52164	52518	27529	45359	44121	45987	45012	30980	8164	2386	1201	872
11043	43251	43604	44576	46603	48769	49634	52126	52905	27437	45474	44240	46201	45409	30978	8192	2361	1213	842
11103	43223	43558	44809	46642	48650	49309	52455	52719	27636	45502	44285	46311	45252	31528	8239	2435	1188	859
11163	43112	43576	44807	46977	48952	49854	52340	52516	27671	45593	44401	46130	45290	31781	8336	2408	1192	841
11223	43071	43976	44531	46594	48760	49519	52151	52900	27641	45811	44287	46534	45386	32074	8376	2428	1217	853
11283	43082	43786	44616	46947	48515	49493	52419	52836	27992	45652	43933	46312	45120	32289	8476	2440	1196	884
11343	43426	43665	44558	46831	48928	49530	52392	52584	28223	45442	44237	46475	45317	32471	8537	2506	1177	857
11403	43175	43959	44583	46844	48839	49520	52256	52480	27954	45504	44008	46431	45341	33009	8585	2422	1223	890
11463	43284	43496	44573	46428	48684	49760	52213	52736	28122	45502	44367	46318	45270	33156	8770	2509	1204	842
11523	43202	43780	44762	46937	48903	49723	52424	52679	28040	45740	43995	46191	45300	33152	8729	2460	1216	885
11583	43343	43802	44902	46591	48765	49440	52159	52757	28294	45683	44092	46241	45177	33676	8824	2520	1218	903
11643	43371	43730	45054	46833	49039	49612	52435	52442	28588	45769	44180	46463	45483	33558	8966	2519	1226	867
11703	43370	43583	44856	46897	48713	49863	52286	52757	28342	45794	44123	46456	45425	34134	9001	2519	1230	875
11763	43395	43671	44626	46811	48963	49799	52162	52689	28506	45412	44536	46422	45200	34183	8980	2492	1256	865
11823	43129	43599	44802	46703	49024	49856	52589	52753	28574	45691	43966	46301	45185	34634	9117	2551	1275	909
11883	43236	43621	44823	46787	48844	49589	52660	52803	28447	45564	44546	46356	45372	34685	9142	2544	1244	885
11943	43147	43708	44804	46972	48952	49560	52333	52725	28612	45600	44157	46241	45323	35101	9245	2567	1266	870
12003	43369	43725	44908	46933	49012	49950	52530	52436	28602	45755	44143	46560	45593	35260	9299	2621	1228	875
12063	43023	43785	45052	46855	48944	49567	52415	52443	28496	45461	44191	46485	45262	35607	9374	2634	1255	875
12123	42944	43803	44777	46911	48585	49656	52472	52786	28681	45612	44274	46446	45561	35843	9553	2717	1244	867
12183	43299	43911	44799	46704	48908	49732	52191	52380	28790	45714	44158	46573	45345	36290	9561	2627	1226	907
12243	43271	43460	44596	46899	49156	49789	52584	52380	28813	45862	44477	46409	45534	36227	9510	2687	1282	885
12303	43160	43772	44888	46933	48801	49642	52168	52430	28866	45943	44080	46231	45574	36458	9659	2658	1245	903
12363	43300	43771	44748	47063	48922	49925	52836	52413	28899	46087	44093	46218	45445	36716	9731	2707	1287	888
12423	43252	43552	44764	47206	48880	49732	52393	52512	28835	45609	44208	46537	45166	36726	9799	2723	1295	878
12483	43148	43608	44653	46986	48663	49507	52509	52559	28747	45441	44350	46095	45284	37360	9779	2732	1271	863
12543	43219	43798	44907	46833	48791	49467	52581	52626	28929	45752	44126	46262	45532	37119	10008	2730	1267	894
12603	43331	43585	44785	46602	48668	49659	52245	52423	28935	45459	44314	46228	45652	37613	9980	2711	1288	925
12663	42976	43799	44654	47086	48750	49566	52633	52719	29065	45614	44354	46354	45501	37861	10111	2806	1338	878
12723	43361	43770	44867	46935	48750	49709	52581	52658	29113	45801	44263	46058	45372	37992	10170	2817	1306	914
12783	43408	43728	45035	46646	48853	49440	52736	52793	28884	45746	44263	46193	45339	38183	10249	2838	1288	894
12843	43351	43730	44817	47022	48830	50033	52717	52785	29010	45532	44537	46228	45368	38633	10295	2888	1273	893
12903	43176	43833	44783	46980	48959	49774	52191	52708	29243	45522	44308	46395	45503	38790	10378	2845	1280	898
12963	43182	43938	44809	46766	48800	49858	52727	52801	29153	45716	44308	46199	45766	39043	10570	2798	1335	881
13023	43075	43745	44760	46737	48878	49576	52579	52515	29081	45597	44444	46262	45498	39271	10466	2875	1315	888
13083	43221	43872	44889	46747	49001	49749	52543	52864	29221	45676	44486	46418	45418	39487	10628	2839	1311	900
13143	43308	43949	44635	47108	48854	49811	52395	52705	29261	45605	44215	46252	45599	39863	10546	2851	1320	924
13203	43264	43794	44948	46774	49068	49720	52742	52641	28990	45640	44300	46278	45392	39588	10712	2912	1327	864
13263	43215	43812	44935	46576	49102	49901	52622	52657	29406	45589	43953	46317	45682	39880	10902	2928	1318	890
13323	43252	43709	44847	47052	48870	50005	52781	52411	29219	45463	44138	46092	45438	40261	10747	2940	1341	905
13383	43473	43621	45029	47030	49019	49520	52761	52700	29043	45808	44195	46519	45699	40258	10938	2947	1346	921
13443	43429	43570	44100	46626	48810	49670	52601	52657	29081	45737	44472	46476	45601	40280	11046	3001	1347	936
13503	43241	43799	44647	46891	48879	49701	52452	52679	29162	45578	44058	46365	45309	40573	11058	3037	1324	891
13563	43356	43557	44828	46613	48750	49599	52322	52747	29314	45675	44340	46052	45326	40940	11137	2975	1370	886
13623	43301	43567	44292	46675	48636	49673	52486	52579	29201	45559	44083	46050	45476	41094	11240	3050	1353	925
13683	43305	44065	44930	46838	48741	49950	52474	52599	29383	45633	44143	46108	45432	41193	11250	3046	1348	892
13743	43641	43697	44683	46771	49068	49673	52293	52766	29084	45969	44094	46138	45272	41350	11365	3074	1344	911
13803	43299	43724	44738	46977	49210	49719	52602	52823	29359	45553	44214	46274	45376	41324	11485	3056	1379	892
13863	43486	43720	44791	47066	49303	49866	52653	52995	29519	45630	44251	46280	45222	42006	11496	3094	1372	927
13923	43244	43537	44648	47048	49208	49867	52401	52766	29358	45542	44031	46362	45560	41841	11488	3085	1391	935
13983	43308	43807	44748	46948	49036	49414	52796	53009	29265	45565	44303	46259	45535	41897	11670	3137	1361	906
14043	43456	43518	44692	47128	48722	49709	52448	52715	29376	45541	44223	46393	45517	42482	11721	3089	1356	918
14103	43277	43662	44684	46882	48958	49841	52532	52589	29259	45655	44344	46067	45584	42501	11775	3134	1393	911
14163	43371	43563	44952	46854	48816	50044	51983	52622	29229	45698	44137	46082	45178	42611	11896	3107	1430	899
14223	43541	43608	44787	46903	48941	49371	52481	52545	29408	45622	44184	46457	45543	42615	11958	3147	1388	896
14283	43430	43990	44970	46943	49079	49611	52561	52689	29315	45751	43918	46366	45384	42858	12035	3077	1354	918
14343	43315	43838	44952	46832	49077	49382	52605	52352	29404	45406	43937	46255	45390	43000	12043	3177	1400	898
14403	43161	43650	44738	46781	48880	49727	52515	52937	29221	45383	44133	46530	45564	43265	12099	3135	1430	933
14463	42877	43788	45229	46776	48948	50078	52380	52906	29463	45937	43982	46556	45556	43203	12165	3232	1355	908
14523	43245	43737	44801	47030	48767	49442	52642	52647	29267	45774	44050	46373	45284	43344	12292	3216	1404	924
14583	43309	43817	44765	46700	48968	49821	52288	52927	29280	45740	44122	46439	45430	43644	12266	3162	1382	932
14643	43232	43714	44853	46837	48961	50005	52611	52805	29375	45486	44297	46405	45701	43723	12425	3170	1410	936
14703	43027	43923	44490	47145	48831	49658	52392	52905	29306	45629	44074	46156	45479	43924	12378	3223	1422	913
14763	42838	43915	44939	47110	48898	49827	52460	52521	29640	45621	44098	46267	45448	44182	12597	3205	1445	938
14823	43119	43976	44885	46880	48981	49791	52535	52674	29267	45837	44206	46145	45719	43970	12477	3280	1399	951
14883	43074	44051	44987	46958	49061	49515	52600	52847	29381	45903	44010	46474	45615	44166	12659	3304	1447	931
14943	43362	43733	44726	46902	49091	49853	52645	52631	29343	45938	43858	46248	45855	44599	12752	3350	1401	931
15003	42838	43693	44646	47059	48813	49841	52496	52613	29197	45839	44268	46189	45462	44594	12823	3319	1420	939
15063	43140	43840	44875	46740	49082	49757	52920	52822	29378	45688	44327	46369	45944	44559	12768	3358	1419	928
15123	43119	43333	44540	46561	48965	49468	52590	52455	29304	45571	44205	46585	45220	44863	12979	3319	1433	946
15183	43273	43461	44869	47112	48973	49619	52186	52544	29354	45747	44430	46453	45502	44995	12883	3371	1448	930
15243	43312	43682	44774	46912	48950	49706	52379	52865	29213	45556	44115	46422	45477	45326	13047	3356	1443	947
15303	43041	44009	45117	46862	48952	49523	52327	52869	29166	45564	44319	46371	45433	45181	13178	3402	1440	930
15363	42949	43962	45063	46837	48739	49617	52496	52664	29295	45711	44236	46318	45295	45582	13092	3422	1445	937
15423	43293	43680	44567	46810	49000	49630	52489	52775	29125	45438	44290	46191	45610	45328	13237	3412	1423	937
15483	43263	43769	44932	46771	48818	49612	52416	52398	29377	45846	43958	46328	45582	45372	13199	3430	1452	948
15543	42864	43771	44949	47019	48861	49873	52968	52722	29427	45679	44121	46346	45402	45256	13334	3484	1414	943
15603	43034	43599	44676	46945	48930	49518	52148	52444	29156	45760	44270	46388	44980	45562	13252	3438	1491	921
15663	42989	43952	44904	46621	48789	49684	52541	52728	29301	45690	44038	46344	45481	45643	13634	3417	1461	959
15723	43246	43849	44743	47042	49020	49866	52480	52946	29482	45773	43973	46414	45692	45829	13433	3460	1482	942
15783	43031	44130	44936	46626	48761	49815	52600	52779	29372	45632	44139	46351	45632	45780	13587	3439	1455	965
15843	43266	43698	44954	47030	48950	49582	52394	52578	29540	45665	44313	46338	45410	46082	13624	3584	1459	934
15903	43324	43794	44607	46793	48858	49786	52527	52438	29382	45528	44294	46127	45514	46069	13929	3451	1486	956
15963	43058	43922	44945	46710	48897	49781	52738	52351	29411	45578	44200	46488	45421	46009	13708	3535	1475	932
16023	43328	43549	44675	47140	48979	49455	52290	52728	29324	45647	44176	46206	45514	46206	13921	3536	1497	916
16083	42930	43797	45083	47065	48824	49865	52516	52549	29603	45717	44185	46440	45609	46420	14067	3627	1474	941
16143	42783	43977	44770	47126	48847	49727	52570	52523	29548	45602	44160	46478	45650	46364	13998	3644	1467	946
16203	42837	43737	44990	46906	48922	49924	52443	52620	29533	45639	44499	46396	45646	46475	14102	3625	1429	918
16263	43136	43818	44725	46907	48879	49668	52546	52502	29360	45782	44018	46452	45645	46490	14114	3642	1501	947
16323	43296	43701	44700	46808	48772	49795	52445	52439	29222	45928	44310	46506	45775	46328	14134	3602	1432	968
16383	43186	43868	45213	47112	48914	49996	52699	52646	29531	45573	44382	46310	45383	46639	14217	3673	1486	954
16443	43013	43813	44924	46998	49080	50004	52736	52697	29392	45833	44058	46185	45919	46814	14186	3659	1511	959
16503	43257	43322	44923	46900	49183	49831	52623	52786	29526	45689	44092	46460	45485	46725	14367	3555	1508	947
16563	43339	43699	44744	46820	48807	49415	52840	52651	29361	45702	44082	46448	45540	46858	14447	3616	1522	938
16623	43270	44039	45024	47037	49096	49881	52549	52662	29340	45814	44060	46549	45659	47052	14405	3708	1525	978
16683	42975	43729	45448	46996	48876	49979	52616	52247	29451	45734	44192	46767	45751	46675	14553	3707	1533	971
16743	43041	43856	44881	46654	48947	49532	52855	52700	29515	45666	44146	46078	45542	47086	14682	3723	1536	952
16803	43203	43931	44853	47243	49357	49955	52714	52597	29501	45663	43970	46398	45959	46994	14631	3699	1512	943
16863	42951	43794	44841	46887	49258	49849	52661	52481	29360	45884	44027	46323	45629	46877	14670	3708	1504	970
16923	43156	43746	44941	46818	49025	49575	52660	52676	29488	45783	44055	46202	45861	47014	14837	3724	1496	961
16983	43190	44000	45052	46949	49216	49781	52423	53029	29411	45615	44104	46684	45684	47276	14977	3714	1525	941
17043	43230	43783	44980	47041	48830	49743	52435	52514	29298	45514	44092	46225	45479	46861	14900	3734	1543	955
17103	43336	43914	44925	46805	48944	49830	52692	52552	29609	45825	44257	46346	45589	47113	14996	3697	1513	929
17163	43106	43809	44984	47041	48921	49742	52321	52703	29243	45652	44154	46479	45434	47147	15083	3789	1558	954
17223	43092	43724	44846	47162	48883	49782	52499	52716	29410	45661	44110	46575	45499	46920	14971	3891	1574	947
17283	42947	43730	44844	46899	49103	49729	52416	52798	29502	45676	44307	46330	45467	47076	15011	3759	1542	943
17343	42964	43744	45007	46867	48951	49962	52299	52945	29331	45781	44310	46291	45694	47309	15261	3804	1556	962
17403	43268	43901	45101	47088	49075	50113	52901	52967	29425	45918	44152	46292	45471	47416	15143	3839	1542	961
17463	42905	43832	44806	46758	49024	50027	52621	52557	29350	45789	44239	46423	45821	47312	15314	3892	1545	967
17523	42980	43867	44874	46964	48725	49808	52590	52703	29518	45917	44155	46298	45470	47292	15359	3895	1591	974
17583	42966	43978	45137	47047	48988	49781	52326	52413	29766	45832	44218	46433	45706	47284	15318	3818	1541	958
17643	43105	43500	45174	47183	49054	49652	52665	53010	29411	46070	44018	46578	45606	47303	15466	3895	1585	977
17703	43003	43473	44991	46929	49174	49753	52490	52596	29437	45803	44183	46628	45808	47510	15591	3882	1551	986
17763	43310	43733	44984	46932	49020	50039	52515	52668	29414	45692	44345	46573	45096	47322	15644	3901	1566	1000
17823	43015	43683	45179	46677	49270	49762	52474	52629	29686	45520	44219	46363	45575	47758	15585	3917	1568	964
17883	42914	43888	45196	46757	48943	49788	52508	52457	29328	45478	44099	46509	45337	47352	15712	3892	1645	992
17943	43174	43456	44875	46753	48992	49787	52549	52175	29474	45575	43943	46414	45348	47469	15844	3920	1594	986
18003	43178	43797	44947	46787	49085	49626	52410	52432	29551	45828	43780	46625	45446	47428	15615	3994	1590	962
18063	43211	43794	45092	47169	48856	49882	52895	52650	29495	45984	44330	46440	45779	47585	15860	4019	1556	980
18123	43254	43739	44855	47231	48987	49825	52819	52540	29507	45841	44244	46481	45777	47809	15950	3964	1533	956
18183	42958	43971	44891	47144	49108	49679	52920	52778	29311	45705	44379	46348	45571	47415	16033	3979	1559	978
18243	43103	44039	44976	46980	48973	49550	52993	52617	29385	45731	44101	46340	45642	47660	15975	4002	1550	949
18303	43161	44001	45068	47056	49144	50075	52612	52777	29496	45592	44312	46444	45725	47546	16313	4034	1601	974
18363	43084	43850	44919	46442	48869	49659	52512	52325	29286	45805	44224	46494	45654	47252	16023	4009	1554	953
18423	43239	43939	44946	46592	48934	49746	52405	52575	29476	45618	44250	46340	45636	47427	16288	4036	1611	954
18483	42948	43480	44972	46846	49233	49675	52433	52626	29635	45979	44152	46274	45441	47678	16181	4109	1564	972
18543	43219	43614	44861	46423	49057	49635	52392	52412	29465	45628	44181	46511	45414	47663	16212	4069	1626	972
18603	43031	43715	45166	46602	49028	49622	52604	52660	29479	45560	44109	46079	45622	47556	16410	4095	1581	994
18663	43040	43852	45207	46382	49266	49889	52656	52748	29536	45826	43867	46295	45413	47171	16368	4086	1618	988
18723	43228	44071	44963	46655	49075	49523	52854	52436	29328	45824	44281	46394	45583	47306	16497	4076	1607	969
18783	42975	43736	44761	46441	48887	49683	52458	52776	29449	45672	44291	46492	45422	47369	16527	4064	1626	1000
18843	42951	44090	45076	46602	48942	50004	52720	52658	29624	45711	44080	46193	45366	47231	16495	4087	1623	973
18903	43166	44047	45187	46662	48898	49853	52400	52813	29616	45799	43815	46333	45630	47460	16603	4082	1641	964
18963	43044	43926	45084	46693	49058	49712	52985	52549	29503	45773	44254	46520	45551	47514	16520	4133	1614	961
19023	42982	43890	45037	46673	49143	49639	52539	52414	29507	45842	44283	45967	45608	47697	16691	4121	1632	1005
19083	43227	43880	44758	46633	48935	49824	52665	52641	29280	45789	44345	46442	45417	47424	16666	4232	1623	975
19143	43261	43992	45050	46547	49010	50173	52681	52329	29482	45824	44106	46476	45688	47736	16907	4169	1614	1004
19203	43240	43645	44944	46569	49234	49742	52586	52726	29403	45757	44359	46177	45596	47379	16934	4245	1628	996
19263	43229	43867	45034	46454	49086	49672	52739	52606	29403	45743	44011	46531	45563	47698	16958	4131	1633	960
19323	43048	43882	44988	46417	48952	49749	52538	52517	29340	45426	44289	46460	45758	47374	16947	4247	1603	1025
19383	42963	43805	45107	46549	49033	49667	52537	52538	29651	45591	44481	46445	45734	47532	17007	4179	1655	980
19443	43373	43790	44997	46690	48944	49952	52784	52342	29286	45454	44398	46545	45607	47809	17178	4252	1612	1005
19503	42826	43816	45045	46489	48901	50073	52471	52497	29425	45613	44094	46625	45471	47698	17059	4343	1635	944
19563	43113	44081	44778	46654	49078	49910	52588	52531	29560	45753	44297	46619	45539	47685	17177	4238	1652	983
19623	42970	43805	44810	46544	49085	49742	53019	52707	29580	45700	44261	46546	45879	47452	17317	4274	1622	973
19683	43186	43889	44936	46743	48797	49639	52393	52596	29352	45775	44335	46206	45538	47465	17385	4266	1648	996
19743	43187	43684	45270	46597	48947	49930	52620	52632	29389	45585	44272	46474	45364	47425	17259	4227	1588	999
19803	43308	44043	45063	46601	48985	50147	52378	52783	29696	45866	44364	46526	45428	47352	17305	4286	1673	985
19863	43223	44080	45103	46446	48856	49711	52882	52430	29300	45814	44186	46311	45780	47416	17510	4287	1619	990
19923	43200	43803	45094	46629	49055	49744	52718	52499	29598	45937	44496	46235	45657	47912	17673	4271	1669	1009
19983	43131	44029	45098	46495	49104	49885	52756	52851	29592	46026	44260	46248	45619	47473	17482	4356	1647	1001
20043	43134	43762	45239	46847	49273	50019	52701	52824	29398	45754	43992	46382	45689	47400	17750	4306	1657	961
20103	43060	43895	44970	46728	49117	49946	52691	52869	29348	45916	43968	46459	45794	47393	17704	4370	1651	968
20163	42873	43783	45344	46733	49060	50156	52436	52749	29224	45530	44484	46544	45545	47574	17657	4331	1650	974
20223	43058	43836	45021	46560	49159	50077	52434	52506	29539	45572	44270	46346	45729	47745	17770	4329	1685	968
20283	42916	43717	45003	46449	48904	49809	52425	52889	29526	45486	44129	46466	45765	47451	17793	4391	1666	993
20343	43120	43947	44999	46582	49095	49996	52547	52491	29468	45496	44323	46270	45565	47680	17861	4373	1646	1002
20403	43123	44118	45060	46714	49053	49756	53006	52697	29602	45737	44397	46525	45713	47663	17871	4430	1646	978
20463	43205	43572	45076	46511	49052	49865	52448	52883	29502	45410	44173	46494	45593	47769	18017	4454	1698	999
20523	43250	43771	45234	46377	49005	49291	52783	52670	29350	45634	44239	46216	45727	47575	17991	4416	1674	1009
20583	42895	43742	45107	46447	48997	49528	52581	52714	29518	45683	44186	46562	45481	47439	18186	4407	1667	957
20643	43116	43674	44768	46570	48800	49533	52431	52561	29335	45651	44140	46399	45556	47507	18115	4395	1676	965
20703	43047	43881	44902	46484	49010	49931	52630	52611	29419	45697	44141	46298	45778	47667	18134	4450	1680	985
20763	43009	44038	44996	46253	49018	49738	52382	52675	29691	45786	44068	46067	45533	47715	18275	4523	1668	966
20823	43135	43770	45373	46717	48799	50146	52632	52446	29441	45725	44246	46173	45662	47539	18210	4435	1656	990
20883	43133	43924	44949	46838	49126	49670	52557	52541	29243	45713	44158	46018	45498	47308	18252	4478	1680	995
20943	43125	43946	44982	46770	49269	49794	52607	52827	29436	45949	44113	46451	45671	47781	18372	4415	1679	982
21003	43311	44067	45036	46402	48846	49782	52230	52652	29454	45726	44245	46345	45614	47700	18347	4456	1664	1007
21063	43003	43846	44900	46835	48877	49946	52494	52693	29502	45745	44194	46607	45293	47614	18478	4566	1712	998
21123	43240	44077	45370	46647	48946	50094	52599	52500	29562	45825	44255	46575	45666	47461	18452	4560	1639	1016
21183	43062	43973	45107	46643	48955	50032	52728	52448	29385	45764	44181	46549	45818	47618	18625	4566	1698	969
21243	42794	43854	44828	46717	49038	49833	52623	53007	29529	45675	44248	46394	45455	47589	18527	4565	1683	969
21303	43079	43911	44938	46684	48814	49832	52740	52487	29552	45581	44060	46524	46004	47514	18628	4542	1700	996
21363	43058	43970	44767	46557	49149	49775	52562	52558	29203	45665	44113	46212	45799	47579	18742	4537	1682	995
21423	42687	43898	45128	46276	48911	49636	52535	52475	29724	45474	44029	46401	45510	47698	18697	4609	1665	968
21483	42944	44196	44892	46660	48936	49914	52669	52738	29237	45709	44231	46505	45439	47683	18827	4600	1687	971
21543	43112	44128	44870	46696	48807	49591	52572	52069	29469	45597	44103	46219	45444	47692	18870	4636	1694	984
21603	42963	43709	44825	46669	49050	49586	52794	52546	29471	45503	44182	46363	45605	47490	18843	4623	1701	979
21663	43165	43688	45219	46516	49075	49833	52454	52448	29402	45480	44213	46081	45374	47537	18826	4628	1664	992
21723	43073	43739	44869	46601	49022	49944	52680	52679	29302	46046	43898	46314	45753	47546	18887	4591	1713	986
21783	43118	43922	45229	46794	48858	49802	52525	52707	29456	45645	44104	46481	45488	47651	18973	4633	1669	979
21843	43073	43791	44787	46680	48879	49924	52686	52583	29459	45627	44066	46413	45780	47526	19250	4678	1701	991
21903	42965	43770	44947	46466	49036	50035	52860	52474	29312	45750	44174	46406	45739	47566	19319	4669	1695	1018
21963	43146	43783	45276	46508	48717	49783	52488	52471	29335	45751	44313	46338	45540	47856	19251	4710	1720	982
22023	43306	44119	45147	46688	49102	49810	52599	52469	29411	45569	43991	46543	45481	47670	19156	4678	1707	987
22083	43419	43523	44882	46426	48840	49758	52221	52566	29238	45586	44004	46470	45625	47739	19193	4670	1725	1003
22143	43177	44030	44935	46445	49258	49806	52556	52561	29353	45955	44158	46038	45660	47760	19196	4642	1684	1010
22203	43343	44085	45301	46613	48770	49961	52716	52819	29434	45685	44159	46589	45701	48008	19355	4682	1727	993
22263	43045	44064	45186	46626	48991	49887	52557	52692	29486	45650	44113	46629	45406	47530	19387	4701	1721	975
22323	43296	44205	45114	46513	48970	50055	52585	52521	29670	45689	44268	46519	45694	47735	19339	4726	1741	1002
22383	43014	44008	45083	46547	49039	49972	52763	52779	29431	45662	43954	46308	45704	47666	19415	4760	1742	999
22443	42962	44235	45385	46655	49190	50053	52810	52839	29545	46008	44234	46286	45716	47600	19653	4690	1716	1023
22503	43181	44101	44962	46888	49098	49675	52753	52665	29296	45806	43944	45976	45788	47557	19498	4733	1724	987
22563	43083	44091	44938	46715	49024	49721	52612	52697	29494	45817	43842	46282	45443	47683	19559	4741	1722	998
22623	43160	43954	44903	46609	48925	50002	52235	52551	29482	45529	44434	46473	45723	47844	19601	4700	1731	979
22683	43260	43737	45329	46909	49033	49921	52586	52475	29491	45448	44093	46392	45276	47432	19669	4745	1767	1005
22743	43189	43938	45014	46987	49134	49774	52682	52929	29386	45606	44186	46606	45528	47850	19554	4762	1753	1012
22803	43038	43949	45167	46634	49082	50151	52792	52688	29388	45992	44357	46535	45861	47580	19642	4828	1740	1013
22863	43071	43746	45143	46538	49191	49982	52655	52865	29813	45458	44160	46425	45827	47803	19718	4774	1761	981
22923	43351	44089	45251	46663	49120	49867	52630	52671	29601	45919	44192	46340	45855	47721	19871	4857	1744	997
22983	42950	43936	45277	46617	49305	49661	52630	52586	29589	45653	44477	46297	45715	47778	19800	4896	1746	977
23043	43092	44222	44948	46541	49105	49872	52522	52680	29588	45639	44247	46344	45462	47466	19879	4806	1750	1020
23103	43049	44076	44921	46553	49076	50165	52636	52546	29565	45652	44514	46246	45526	47613	19922	4852	1788	1017
23163	43218	44060	45165	46463	49108	50007	52261	52791	29225	45898	44070	46457	45871	47827	19881	4835	1778	966
23223	43288	44026	44988	46700	48995	49983	52799	52896	29593	45722	44227	46417	45537	47934	20001	4846	1748	997
23283	43230	43984	45213	46579	49314	49999	52905	52662	29453	45603	44148	46305	45631	47748	19977	4795	1788	1013
23343	42924	44024	45255	46668	49001	49654	52870	52770	29358	45733	44388	46808	45544	47849	20146	4868	1742	980
23403	43256	44282	45378	46631	49157	50007	52870	52964	29649	45616	44287	46563	45632	48082	20166	4896	1729	983
23463	43124	44178	45153	46616	49262	49825	52579	52816	29515	45906	44232	46369	45578	47685	20078	4882	1755	975
23523	43269	44287	45069	46646	49086	49834	52707	52740	29561	45568	44114	46542	45420	47655	20352	4945	1763	1014
23583	43310	43912	45119	46621	48912	50146	52724	52476	29657	45781	44246	46298	45824	48041	20345	4958	1806	1010
23643	43340	44208	45008	46949	49154	49939	52555	52763	29626	45780	44047	46264	45967	47639	20238	4900	1772	999
23703	43230	43988	45137	46552	48975	49615	52725	52791	29329	45555	44040	46526	45591	47833	20255	4875	1773	998
23763	43074	44010	45134	46534	49076	49901	52722	52492	29558	45619	44200	46470	45727	47679	20441	4933	1769	962
23823	43100	43774	44870	46394	49117	49781	52660	52593	29420	45902	44348	46535	45548	47569	20316	4923	1777	991
23883	43264	44204	45211	46598	49146	49989	52882	52516	29413	45885	44114	46327	45714	47495	20342	4986	1767	1004
23943	43005	44126	45078	46725	48992	49877	52485	52465	29498	45453	44427	46521	45669	47599	20400	4940	1795	980
24003	42978	44078	45056	46835	49296	49884	52833	52849	29294	45475	43932	46426	45750	47955	20472	4986	1723	1016
24063	42997	43884	45082	46682	49311	49915	52421	52652	29255	45924	44328	46334	45614	47902	20316	4978	1744	973
24123	42951	43981	44849	46729	49043	49676	52702	52785	29382	45565	44338	46386	45705	47691	20559	4933	1786	1010
24183	43150	44129	44939	46632	49066	49691	52612	52837	29527	45555	44387	46262	45538	47522	20603	4987	1783	970
24243	43026	43810	44990	46678	48973	49769	52833	52573	29460	45627	44262	46411	45691	47823	20568	4983	1785	983
24303	43133	43999	44989	46637	49092	50187	52318	52480	29432	45555	44056	46598	45477	47684	20468	4977	1789	1005
24363	43245	44118	45150	46623	49147	49842	52698	52364	29436	45785	44460	46722	45606	47889	20743	4992	1780	1031
24423	42971	43971	44810	46573	48920	49934	52581	52472	29523	45747	44294	46100	45834	47641	20814	4982	1805	986
24483	43394	43941	45143	46644	49017	50096	52814	52447	29557	45799	44236	46446	45668	47674	20729	5074	1820	992
24543	43022	44031	44938	46927	49165	49900	52805	52852	29360	45716	44072	46176	45603	47620	20889	5055	1742	985
24603	43074	44092	45147	46576	49242	49821	52512	52803	29743	45865	44377	46488	45664	47742	20941	4972	1791	997
24663	43187	44248	45096	46705	49139	49891	52739	52743	29666	45399	43956	46154	45926	47698	20850	5052	1759	1000
24723	43050	44375	45072	46973	49106	49784	52812	52415	29464	45880	44074	46330	45652	47738	21113	5078	1786	1015
24783	43618	43698	44917	46842	49136	49768	52870	53001	29414	45820	44335	46671	45882	47648	21002	5073	1816	1007
24843	43089	44085	45196	46440	49135	49951	52735	52830	29461	45650	44312	46614	45871	47722	21044	5065	1807	994
24903	43282	43768	45071	46947	48945	49613	52646	52764	29466	45641	44228	46482	45686	47902	20978	5106	1804	988
24963	43019	43820	45079	46676	49169	49841	52473	52544	29411	45589	44284	46283	45515	47693	21069	5085	1820	1002
25023	43185	44185	44998	46862	48952	49825	52869	52810	29551	45673	44233	46174	45645	47878	21138	5103	1797	1015
25083	43111	44004	44998	46600	48815	49769	52554	52585	29292	45903	44205	46534	45721	47745	21189	5058	1808	1015
25143	43283	44183	45009	47025	49208	49929	52844	53179	29494	45775	44026	46237	45732	47809	21103	5131	1800	996
25203	43018	43940	45213	46531	48888	49781	52736	52379	29484	45605	44306	46420	45498	47666	21255	5101	1792	1003
25263	43424	44094	45167	46813	49220	49854	52632	52640	29524	45911	44246	46569	45731	47550	21150	5174	1819	995
25323	43132	43898	45067	46540	49533	49928	52867	52587	29544	45482	44279	46622	45537	47750	21445	5124	1810	1003
25383	42985	43968	45087	46621	49230	50111	52678	52868	29484	45785	43986	46250	45342	47848	21444	5053	1775	1027
25443	43033	44157	45105	46794	48925	50126	52721	52626	29631	46016	44246	46667	45730	47815	21293	5203	1810	986
25503	43432	44068	44991	46674	49139	49899	52849	52796	29465	45998	44144	46372	45802	47455	21378	5124	1840	998
25563	43410	43907	45205	46889	49259	50019	52675	52773	29299	46032	44251	46379	45582	47882	21521	5201	1788	980
25623	43227	44133	44964	46897	49297	49957	53037	52653	29531	45869	44118	46540	45946	47527	21638	5211	1818	978
25683	43321	43965	44860	46578	49070	49907	52651	52363	29586	45957	44353	46417	45483	47784	21556	5151	1813	999
25743	43483	43953	45000	46847	49258	50019	52713	52601	29540	45830	44324	46496	45514	47977	21481	5177	1843	1011
25803	43654	43850	45195	46518	49240	49961	52724	52729	29416	45448	44148	46293	45712	47701	21582	5227	1848	963
25863	43588	43928	45029	46311	49000	49940	52734	52660	29503	45506	44157	46400	45725	47475	21471	5199	1823	989
25923	43791	44053	45204	46850	49156	49861	52754	52792	29591	45807	44399	46425	45572	47634	21413	5300	1853	994
25983	43625	44164	45183	46468	49288	49796	52540	52849	29520	45576	44137	46559	45926	47457	21586	5249	1817	950
26043	43570	44124	44882	46797	49200	49778	52357	52564	29383	45760	44217	46503	45690	47547	21605	5222	1836	1018
26103	43738	43832	44908	46465	48755	49836	52401	52852	29310	45604	44152	46228	45562	47703	21769	5219	1807	959
26163	43941	44166	45077	46817	49112	49859	52541	52635	29511	45868	43968	46495	45884	47663	21737	5300	1819	978
26223	43745	44216	44705	46755	48994	49928	52866	52853	29262	45684	44339	46446	45840	47608	21707	5294	1795	989
26283	43684	44512	45410	46877	49257	49894	52786	53005	29587	45737	44324	46464	45741	47717	21894	5256	1815	1003
26343	43615	44229	45263	46678	49275	49749	52626	52453	29331	45795	44135	46229	45718	47612	21832	5217	1833	1019
26403	43638	44235	45256	46358	49087	49785	52285	52638	29555	45610	44207	46491	45356	47859	21775	5225	1857	1042
26463	43779	44238	45057	46596	49289	49924	52584	52778	29528	45640	44161	46449	45875	47942	21876	5230	1858	1006
26523	43969	44105	45204	46715	48937	49928	52553	52676	29605	45648	44031	46451	45654	47681	22141	5286	1797	989
26583	43889	44352	45161	46822	49041	49935	52724	52904	29543	45801	44082	46346	45751	47479	22006	5270	1843	1009
26643	43432	44225	44986	46372	49055	49818	52578	52795	29482	45735	44368	46474	45572	47763	21900	5320	1785	1027
26703	43747	43775	45091	46633	48892	50120	52598	52430	29570	45602	44168	46562	45752	47696	22203	5353	1840	990
26763	43840	44083	45412	46939	49026	50152	52908	52506	29653	45642	44091	46364	45373	47663	22105	5294	1839	970
26823	43957	44038	45076	46745	49148	49837	52569	52612	29542	45967	44184	46355	45875	47627	22042	5326	1812	1020
26883	43830	44084	45461	46444	49077	50299	52576	52896	29602	45778	44107	46386	45657	47656	22196	5317	1799	1021
26943	43674	44083	45387	46528	49200	49751	52808	52531	29702	45688	44046	46709	45616	47754	22175	5362	1873	966
27003	43659	44026	45125	46729	48953	49991	52344	52662	29388	45724	44222	46452	45944	47859	22038	5355	1831	1011
27063	43726	43822	45282	46736	49292	49998	52658	52530	29372	45989	44252	46494	45567	47802	22486	5413	1865	1008
27123	43739	44067	44978	46826	49200	49605	52693	52797	29449	45860	44237	46302	45470	47948	22183	5330	1830	987
27183	43748	44145	44916	46428	48833	49489	52413	52980	29751	45545	44082	46238	45986	47845	22219	5381	1855	961
27243	43768	44489	45252	46804	49245	49893	52499	52600	29376	45661	44250	46158	45818	48172	22409	5396	1908	974
27303	43668	43955	45024	46556	49052	49989	52664	52576	29480	45594	43976	46337	45606	47769	22496	5408	1854	971
27363	43825	44297	45006	46823	49050	49691	52456	52849	29327	45943	44094	46527	45541	47859	22173	5427	1826	1009
27423	43959	44078	45176	46798	49524	49792	52817	52761	29416	45819	44086	46427	45580	47782	22489	5434	1860	1009
27483	43939	44216	45307	46688	49020	49753	52734	52833	29672	45719	44143	46346	46151	48055	22373	5446	1847	976
27543	43880	43971	44963	46644	49161	49821	52844	52535	29523	45797	44308	46369	45761	47881	22514	5426	1875	1015
27603	43838	43831	45257	46679	49223	49721	52972	52645	29529	45518	44137	46524	45758	47785	22416	5389	1828	1025
27663	43642	44156	45077	46730	48948	49872	52609	52575	29610	45684	44176	46269	45658	47658	22519	5489	1852	1001
27723	43535	44277	45188	46948	48962	50136	52445	52513	29555	45780	44491	46637	45688	47662	22607	5515	1842	976
27783	43890	43872	45193	46686	49127	49857	52869	52706	29663	45847	44093	46428	45611	47594	22498	5401	1832	1009
27843	43801	44174	45111	46547	49215	49770	52475	52575	29550	45554	44247	46545	45826	47457	22630	5387	1844	1012
27903	43855	43938	45192	46989	49159	49796	53011	53162	29469	45811	44243	46695	45673	47846	22670	5493	1873	1010
27963	43826	44150	44906	46582	49017	49902	52578	52646	29549	45795	44112	46323	45824	47613	22609	5495	1889	1000
28023	43924	44114	45362	46625	48988	50222	52671	52624	29407	45781	44414	46513	45459	47844	22830	5513	1882	1032
28083	43763	44117	45135	46775	48866	50056	52452	52410	29459	45576	44439	46454	45941	47682	22761	5484	1870	985
28143	43757	44056	45139	46566	49133	50105	52846	52722	29428	46002	44434	46546	45923	47864	22645	5454	1871	1010
28203	43867	43973	45044	46797	49004	49983	52806	52726	29585	45758	44074	46673	45573	47796	22675	5391	1861	983
28263	43704	43802	44871	46605	48830	49544	52521	52102	29561	45774	44314	46578	45754	47667	22631	5547	1857	988
28323	43813	44289	45042	46671	48958	49777	52900	52607	29335	45923	44227	46359	45914	47658	22763	5557	1863	968
28383	43958	44084	45014	46830	49182	49593	52679	52624	29477	45824	43997	46160	45651	47857	23044	5389	1807	1016
28443	43759	44027	45112	46665	49247	49878	52529	52822	29569	45908	44095	46483	45402	47562	22866	5425	1880	1008
28503	43684	44097	44965	46384	49136	50109	52714	52907	29603	45676	44216	46344	45587	47473	22777	5514	1866	977
28563	43858	44012	45238	46716	49138	49914	52451	52756	29572	45575	44305	46673	45250	47976	22901	5542	1832	999
28623	43724	44189	45091	46918	49007	49847	52491	52491	29763	45649	44110	46349	45900	47694	22995	5456	1865	999
28683	43780	44180	45309	46487	49169	49933	52527	52934	29532	45603	44293	46239	45882	47655	23039	5555	1785	997
28743	43929	43985	45142	46804	49048	49844	52460	52615	29421	45756	44212	46393	45417	47745	22988	5495	1879	981
28803	43802	44093	45297	46553	49268	49882	52546	52641	29605	45648	44332	46404	45880	47885	23089	5480	1840	1013
28863	43980	44080	45049	46909	49132	50016	52705	52716	29533	45965	44320	46339	45994	47627	23089	5560	1835	954
28923	43754	43873	45137	46833	49189	50018	52555	52863	29593	45684	43994	46485	45626	47622	23084	5511	1904	999
28983	43747	44303	45282	46648	49228	50168	53017	52681	29547	45558	44301	46317	45779	47905	23161	5536	1860	1009
29043	43760	44290	45085	46760	49300	49820	52596	52917	29613	45732	44365	46430	45647	47998	23230	5556	1867	998
29103	43761	44060	45368	46605	49051	50045	52591	52589	29677	45567	44084	46306	45525	47841	23276	5541	1879	1008
29163	43782	44386	45062	46579	49286	49848	52360	52625	29318	46035	44162	46412	45861	48044	23116	5524	1907	1018
29223	43803	44094	45003	47010	49059	49981	52666	52563	29512	45832	44017	46525	45725	47722	23256	5574	1904	1023
29283	44007	44346	45087	46736	49332	49996	52954	52583	29381	45663	44190	46282	45848	47958	23220	5557	1816	1014
29343	43832	43894	45320	46978	48969	49756	52864	52626	29495	45817	43976	46355	45859	47973	23294	5671	1838	990
29403	43845	44139	45049	46707	49178	49788	52744	52776	29299	45709	44279	46165	45689	47690	23338	5616	1862	984
29463	43618	44050	44975	46942	49064	49703	52956	52889	29529	45588	43982	46461	45893	47607	23239	5590	1841	991
29523	43941	44062	45366	46437	49419	50089	52605	52523	29552	45796	44154	46384	45728	48048	23249	5581	1864	1004
29583	43993	44191	45290	46715	48803	49814	52747	52746	29430	46215	43991	46364	45776	47786	23329	5685	1878	1032
29643	43627	43990	44903	46437	49251	49631	52665	52614	29428	45596	44098	46193	45739	47862	23254	5610	1861	975
29703	43875	44043	45173	46599	49050	49981	52642	52890	29559	45642	44171	46396	45470	47925	23460	5678	1889	996
29763	43742	44119	45105	46709	49158	49970	52525	52665	29383	45680	43933	46398	45663	47949	23454	5727	1858	994
29823	43804	44511	45140	46561	49077	49975	52484	52850	29498	45615	44111	46241	45496	48030	23527	5689	1916	982
29883	44001	44119	45114	46216	48836	50195	52714	52628	29315	45708	44317	46698	45955	47648	23470	5657	1875	1023
29943	43840	44132	44990	46398	49094	50042	52607	52615	29562	45694	44082	46127	45766	47355	23662	5651	1876	1026
30003	43854	44085	45359	46502	48953	49854	52935	52610	29524	45886	44225	46291	45697	47994	23568	5629	1913	1026
30063	43678	43969	45238	46504	49092	49905	52933	53010	29416	45852	44257	46379	45664	47903	23556	5674	1941	1008
30123	43820	44505	45511	46705	48980	50209	52357	53021	29543	45774	44156	46592	45734	47827	23468	5643	1942	994
30183	43692	44059	45165	46711	49163	49975	52780	52570	29751	45891	44190	46113	45661	47806	23626	5660	1907	969
30243	43803	44299	45254	46717	49186	50013	52780	52809	29744	45617	44305	46530	45704	47824	23684	5708	1915	971
30303	43917	44225	45106	46601	49205	50089	52733	52794	29601	45619	44320	46557	45477	47963	23506	5653	1868	1011
30363	43594	44420	45070	46481	49104	50014	52673	52875	29675	45865	44007	46869	45769	47889	23962	5671	1917	1016
30423	43853	44265	45368	46598	49159	50115	52743	52651	29388	45914	44487	46540	45620	47890	23610	5737	1867	1004
30483	43643	44236	45398	46363	49340	49939	52648	52782	29439	45768	44361	46446	45662	47967	23621	5687	1895	1005
30543	43980	44462	45261	46771	49361	50013	52617	52940	29420	45658	44460	46409	45542	47851	23796	5691	1890	983
30603	43775	44257	45110	46759	49267	50404	52887	52950	29595	45746	44300	46603	45860	47480	23833	5704	1921	1009
30663	43951	44277	45191	46934	49067	49932	52760	52383	29399	45632	44211	46529	45841	47932	23726	5707	1949	1016
30723	43936	44190	44852	46773	49206	49897	52557	52767	29712	45721	44213	46515	45761	48002	23755	5703	1909	985
30783	43766	44022	45232	46454	49234	50050	52656	52789	29345	45659	44077	46346	45736	48027	23796	5679	1901	1003
30843	43977	44152	45150	47128	49240	49831	52627	52773	29679	45649	44238	46459	45824	47819	23983	5705	1894	987
30903	43950	44128	45087	46515	49106	49912	52689	52778	29599	45930	44262	46238	45706	47932	23797	5790	1893	988
30963	44089	44267	45065	46795	49124	49824	52870	52486	29645	46092	44356	46375	46039	48086	23816	5767	1879	1012
31023	44186	43879	44895	46835	49258	49864	52720	52874	29430	45780	44040	46430	45769	47797	23923	5742	1882	1010
31083	43603	44202	45116	46599	49277	49842	52794	52732	29469	45555	44002	46234	45635	48026	23862	5744	1928	976
31143	43960	44218	45192	46660	49026	49965	52657	52771	29543	45892	44236	46606	45783	47824	23895	5756	1890	1031
31203	43840	44364	45156	46796	49132	50275	52809	52946	29532	45547	44310	46454	45712	48015	24039	5753	1933	1003
31263	43689	43975	45266	46457	48973	49974	52858	52378	29562	45765	44328	46738	45435	47863	24038	5732	1936	1021
31323	43924	44344	45089	46917	49120	49895	52790	52783	29538	45918	44451	46305	45712	47894	24065	5849	1910	1006
31383	43817	44312	45326	46268	49252	49996	52658	52917	29479	45727	44320	46592	45622	47702	23991	5761	1892	981
31443	44149	44171	45339	46365	49184	50140	52480	52827	29461	45857	44215	46216	45807	48018	24239	5807	1897	998
31503	43663	43953	45225	46316	48850	49594	52565	52682	29537	45397	44165	46327	45726	47822	24143	5751	1945	999
31563	43958	44077	45328	46682	48635	49948	52374	53029	29527	45571	44264	46517	45520	47843	23954	5816	1965	996
31623	43661	44118	45194	46876	49211	49921	52893	52889	29615	45664	44113	46512	45612	47598	24289	5811	1865	995
31683	43774	44125	45042	46511	48987	49727	52713	52687	29381	45771	44291	46552	45504	48061	23998	5762	1938	973
31743	43740	44420	45242	46614	49232	49776	52551	52792	29382	45856	44135	46464	45800	47773	23938	5894	1912	1012
31803	43741	43955	45159	46900	48827	49737	52563	52862	29393	45270	44271	46534	45703	48019	24150	5819	1945	1010
31863	43750	44082	45278	46494	49063	49629	52333	53036	29577	45781	44051	46323	45870	47510	24076	5753	1923	1011
31923	43488	44026	45354	46647	49080	49904	52349	52929	29431	45678	44323	46421	45416	47568	24256	5782	1972	1018
31983	43879	44129	45204	46716	49141	50107	52780	52869	29420	46126	44390	46477	45984	47586	24176	5822	1931	983
32043	43799	44110	45451	46587	49307	50063	52948	52799	29583	45638	44368	46391	45817	47650	24333	5810	1949	1015
32103	43890	43986	45457	46745	49265	49965	52597	52813	29494	45643	44218	46281	45543	47640	24239	5731	1897	1002
32163	43729	44159	45141	46475	49182	49653	52596	52494	29275	45764	43721	46153	45793	47892	24116	5836	1909	969
32223	44199	44210	45029	46362	49011	49889	52895	52874	29429	45487	44321	46215	45622	47962	24120	5787	1873	982
32283	43823	44171	44864	46536	49147	49767	52664	52827	29572	45554	44341	46181	45767	48015	24275	5842	1930	987
32343	43556	44086	45258	46719	49338	49885	52671	52620	29493	45834	44170	46127	45681	47905	24403	5908	1898	987
32403	43900	43927	45267	46480	48990	49993	52714	52846	29470	45778	44079	46588	45915	47786	24386	5841	1938	1019
32463	43989	44255	45030	46605	48888	49802	52622	52756	29419	45755	44027	46476	45432	48078	24372	5749	1913	999
32523	43723	44264	45047	46877	49160	50099	52479	52624	29414	45514	44192	46394	45666	48056	24465	5865	1930	991
32583	43751	44590	45223	46985	49133	50066	52417	52744	29749	45813	44248	46522	45464	47629	24301	5893	1922	1032
32643	43795	44234	45079	46814	49311	50205	52682	52658	29762	45854	44035	46664	45924	47664	24476	5808	1899	996
32703	43565	44333	45187	46675	48841	49691	52536	52718	29417	45629	44178	46436	45571	47840	24207	5840	1979	980
32763	43586	44556	45101	46555	48956	49882	52745	52706	29637	45843	44094	46332	45575	47785	24498	5907	1924	1039
32823	44080	44215	45296	46435	48863	50034	52337	52745	29387	45716	44177	46627	45523	48116	24322	5864	1891	1009
32883	43673	44342	45425	46844	49110	49709	52772	52727	29603	45747	43967	46110	45525	48265	24456	5892	1936	1019
32943	43732	44550	45516	46941	49360	50402	52548	52892	29694	45548	44363	46581	45626	47689	24577	5872	1941	1005
33003	43517	44062	44924	46633	49092	49913	52730	52478	29476	45523	43983	46622	45584	47879	24429	5893	1963	1005
33063	44026	44184	45391	46688	49131	50100	52393	52701	29477	46034	44464	46356	45824	47918	24615	5858	1945	999
33123	43614	44039	45141	46487	49014	50253	52560	52755	29367	45956	44296	46370	45431	48247	24661	5924	1922	986
33154	43059	43595	44834	45916	48348	48698	51378	51925	29015	45088	43588	45611	44417	46180	23746	5759	1875	966
33214	43357	43742	44672	45738	48519	48770	51542	52378	29113	45153	43612	45959	44514	46565	24052	5771	1870	979
33274	43453	43871	44631	46022	48306	48767	51516	51950	29118	45152	43727	45767	44494	46703	24155	5768	1889	985
33334	43261	43755	44564	45888	48214	48572	51620	51914	29188	45146	43680	45685	44352	46814	24110	5713	1881	983
33394	43192	43911	44584	45753	48293	48819	51341	52023	29126	45063	43443	45312	44269	46548	23975	5713	1870	1042
33454	43374	43794	44894	45802	48196	48660	51530	51820	29242	45179	43577	45510	44500	46624	23997	5729	1896	951
33514	43309	43668	44601	45624	48379	48724	51501	51775	28992	44785	43614	45758	44362	46473	23845	5776	1870	1005
33574	43022	44172	44642	45884	48176	48933	51559	51988	29262	44772	43579	45901	44395	46552	24028	5740	1917	969
33634	43398	43632	44886	46008	48197	48713	51304	51867	29197	45126	43450	45813	44705	46563	24022	5711	1949	965
33694	43382	43426	44792	45536	48060	49193	51782	52008	29067	45081	43316	45673	44370	46362	24005	5716	1900	975
33754	43581	43902	44626	45958	48131	48997	51630	52011	29055	45285	43751	45738	44295	46517	24082	5854	1921	983
33814	43307	43889	44827	45741	48308	48914	51492	51947	28945	45209	43666	45806	44512	46459	23991	5774	1908	980
33874	43330	43624	44659	45946	48324	48690	51334	51843	28930	45175	43679	45696	44188	46452	24118	5816	1907	992
33934	43076	43728	44915	46063	48265	48619	51414	52116	29240	45230	43684	45569	44541	46586	24070	5751	1920	974
33994	43270	43934	44692	45847	48181	48748	51317	52008	29276	45086	43363	45677	44330	46516	24071	5830	1932	979
34054	43168	43389	44804	45782	48321	48881	51476	51811	29167	45184	43445	45656	44387	46403	24121	5755	1912	976
34889	57271	57822	58632	60274	61533	64552	66806	65152	46975	59811	58400	60630	59910	61186	39881	22096	20099	27716
34949	56643	56806	58240	59470	60991	63391	66050	64849	47482	58974	58043	60015	59025	60654	40864	23485	22651	31106
35009	55627	55528	57260	58568	60034	62577	64758	64714	47960	57906	56714	59356	57843	59126	41089	24541	24563	33392
35069	54899	55146	56339	57637	58966	61731	64058	63440	47769	56784	55823	57946	56538	58386	41022	25417	26121	34852
35129	53512	54093	55631	56562	58180	61132	62987	62357	47966	55359	54940	57258	55090	57184	41274	26235	27273	36196
35189	52314	53213	54653	55771	57230	59824	61738	61523	48069	54512	53864	56252	54374	55935	41120	26554	28434	37223
35249	51771	52476	53988	54636	56743	59089	60955	60893	47747	53714	52803	55579	53190	55338	41393	27262	28895	37564
35309	50796	51588	53056	53847	55464	58391	60301	59884	47803	52677	51978	54357	52457	54133	41095	27566	29569	37516
35369	50282	50906	52333	53326	54819	57483	59269	59720	47783	51757	51284	53668	51668	53772	40749	27968	30113	37980
35429	49888	50451	51674	52361	54394	57192	58721	58498	47656	51119	50163	52703	50694	52702	40990	28318	30354	37962
36119	56463	58162	59501	61033	63590	64821	66782	65423	59957	58380	59126	59958	58601	62145	55269	49005	46866	49127
36179	55418	57423	58696	59875	62654	63923	65479	64727	58974	57108	58237	59330	57828	60880	55052	49341	46716	48336
36239	54558	56313	57635	58700	61795	63202	64906	64241	58560	56195	57353	58216	56421	60293	54503	48691	46616	47585
36299	53468	55535	56724	58015	60883	62045	63842	63655	58133	55275	56175	57238	55392	59186	53956	47888	45948	47030
36359	52440	54638	55967	57019	60107	61342	62818	62608	57605	54059	55648	56394	54563	57965	53320	47633	45472	46322
36419	51632	53689	55452	55833	59135	61074	61737	61832	56829	53235	54422	55502	53432	56960	52789	47116	45006	45551
36479	50815	52842	54105	55209	57981	59485	60903	61040	56121	52313	53490	54615	52535	55853	52206	46750	44219	44270
36539	50593	52004	53701	54390	57371	58842	59893	60353	55615	51566	52656	53441	51561	55004	51431	46144	43344	44207
36599	49241	51485	53530	53944	56676	58342	59329	59243	55280	50623	51816	52977	50876	54275	51040	45913	43203	43460
36659	48959	50602	52401	52891	55670	57479	58124	58889	54333	50043	51056	51751	50224	53559	50265	45583	42616	42751
36719	48309	50115	51921	52523	55035	56835	58025	58053	53821	49378	50419	51185	49530	52567	49863	45255	42136	42367
36779	47646	49739	51271	51793	54339	56298	57542	57936	53830	48965	49677	50799	49034	52247	49520	44675	41821	41799
36839	47353	49062	50561	51409	54047	55824	56894	57235	53231	47904	49462	50224	48568	51670	49276	44495	41417	41253
36899	46919	48946	50320	51406	53607	55043	56525	56578	52655	47849	48762	49523	47910	51270	48947	44371	41021	41030
36959	46679	48273	49780	50541	53138	54615	55713	56309	52384	47480	48479	49163	47410	50481	48227	43872	40794	40751
37019	46110	47975	49728	50450	52817	54203	55939	55465	51914	47093	48063	48881	47162	50438	48179	43994	40692	40445
37079	45748	47513	49331	50258	52636	53996	55284	55194	51923	46919	47454	48610	47056	49906	48046	43546	40514	40086
37139	45467	47345	48974	49788	51847	53456	54838	55133	51259	46402	47296	48114	46727	49704	47503	43174	40038	40053
37199	45769	46962	48750	49908	51670	53338	54568	54596	51394	46259	46738	47915	46488	49388	47111	43425	39842	39955
37259	44922	46769	48577	49881	51587	53273	54235	54737	50810	46216	46789	47563	46130	49186	47197	43168	39381	39609
37319	45128	46793	48345	49069	51004	52749	54137	54257	50520	45448	46410	47401	45762	48784	47177	42962	39625	39203
37379	44965	46385	48209	49114	50734	52652	53769	54348	50787	45646	46130	47148	45523	48680	46534	42692	39418	39384
37439	44494	46141	47755	48469	50857	52021	53612	53953	50438	45575	45849	46917	45799	48435	46394	42343	38946	38592
37499	44533	45753	47458	48253	50537	51856	53446	53745	50264	45139	45451	46785	45196	48062	46399	42456	39168	38601
37559	44171	46034	47469	48222	50341	51655	53644	53609	50368	45126	45634	46789	45359	48084	46610	42529	38906	38641
37619	44219	45849	47174	48173	50092	52081	53159	53481	49904	44810	45474	46417	45191	48080	46290	42405	39227	38660
37679	44151	45458	47331	47906	50496	51855	52977	53441	49807	44802	45320	46204	45084	47731	46186	42291	38818	38262
37739	43921	45216	47196	47790	50005	51516	52761	53280	50013	44620	45061	46197	44677	47630	46092	41909	38508	38202
37799	44267	45470	46892	48003	49754	51377	52653	52919	49792	44592	45071	46335	44986	47703	46009	42287	38642	38012
37859	43689	45338	46871	47665	49734	50950	52316	53028	49778	44343	44991	46046	44508	47485	45764	41901	38482	37821
37919	43480	45086	46544	47663	49144	50931	52820	52965	49401	44451	44907	45901	44613	47107	45840	42037	38450	37855
37979	43765	45118	46559	47331	49629	51115	52640	52521	49483	44381	44675	45859	44214	47188	45970	41978	38339	37727
38039	43557	45020	46737	47648	49398	50934	52340	52608	49201	44456	44764	45777	44319	47007	45751	41568	38156	37604
38099	43545	45082	46643	47572	49688	51173	52534	52910	49277	44128	44812	45486	44531	47283	45685	41680	37993	37595
38159	43623	44990	46244	47390	49415	50734	52196	52283	49222	44122	44545	45782	44047	47060	45647	41564	38020	37454
38219	43590	44793	46634	47555	49264	50947	52215	52217	49215	43956	44952	45419	44064	47345	45494	41696	38037	37513
38279	43613	45109	46454	47310	49052	50751	52014	52437	49244	44055	44191	45478	44415	47098	45523	41960	37872	37376
38339	43438	45025	46408	47284	49270	50778	52247	52227	49371	43775	44257	45231	44113	47328	45633	41546	38061	37180
38399	43338	44725	46486	46962	49315	50781	52026	52480	49078	43703	44286	45447	43937	46992	45338	41721	37852	36850
38459	43237	44899	46103	46998	49102	50627	52041	52679	48946	43714	44487	45339	43924	46674	45352	41643	37642	36964
38519	43313	44614	46295	47046	49021	50401	51840	52250	49046	43869	44313	45535	44007	46972	45263	41305	37795	37120
38579	43403	44513	46560	47025	48926	50371	51602	51955	48933	43577	44089	45174	43778	46759	45507	41459	37681	36735
38639	43172	44742	46218	47102	49068	50499	51845	52057	48919	43703	44125	45338	44195	46535	45006	41582	37942	36753
38699	43123	45057	46303	47004	48866	50399	51919	52104	48820	43412	44407	45427	43949	46741	45175	41376	37614	36396
38759	43166	44708	46084	47000	48875	50496	51927	52135	48791	43623	44155	45126	44082	46783	45188	41605	37737	36528
38819	43058	44520	46202	47286	48794	50169	51925	52086	48908	43774	44046	45289	44133	46334	45044	41570	37477	36814
38879	42895	44598	46068	46934	48968	50162	51863	52116	48938	43792	44102	45091	43786	46616	45172	41335	37491	36361
38939	42933	44539	46148	46635	48804	50452	51842	52379	49029	43549	44151	45248	44115	46491	44967	41347	37448	36410
38999	42972	44457	46213	47096	48754	50716	51847	52190	49049	43367	44105	45282	44086	47032	45214	41252	37206	36268
39059	43171	44740	46477	46997	48909	50418	51799	52010	49072	43523	43904	45014	44013	46739	45374	41358	37407	36305
39119	43210	44486	45772	47012	49007	50263	51582	52044	48746	43607	43959	45199	43841	46819	45137	41323	37205	36191
39179	43286	45033	45921	46810	48575	50200	51737	52139	48996	43504	44109	45046	43909	46617	45281	41385	37306	35931
39239	43100	44539	46197	46987	48799	50334	51393	52236	48969	43354	44093	44877	43661	46577	45059	41292	37310	35934
39299	43136	44866	46082	46715	48579	50119	51970	52215	48773	43418	44220	45202	43637	46446	45239	41273	36943	36280
39359	42940	44843	45980	46780	48736	50524	51669	52030	48812	43421	44043	45023	43921	46586	45121	41191	37126	36160
39419	42925	44406	46061	46711	48494	50318	51758	52437	48851	43102	44127	45058	43955	46516	45158	41171	36955	36093
39479	42960	44576	46129	46836	48583	50026	51894	51955	48871	43269	43867	44711	43852	46645	45243	41059	36733	35662
39539	42586	44563	45787	46746	48727	50054	51572	52093	48747	43372	43936	44835	43784	46608	45109	40896	36900	35869
39599	42969	44557	46206	47156	48552	50463	51758	52070	49373	43767	44123	45029	43810	46514	45100	41338	36865	35833
39659	43041	44333	46236	46916	48713	50215	51743	52113	48837	43574	43815	44965	43706	46370	45038	41249	36847	35599
39719	42901	44605	45963	46884	48959	50320	51842	52070	48929	43370	43869	45116	43571	46546	44991	41151	36715	35728
39779	42842	44304	46138	46697	48591	50135	51597	52190	48644	43398	43875	45052	43659	46687	45062	41373	36696	35559
39839	42847	44740	46053	46920	48407	50300	51831	52104	48924	43341	44104	44915	43415	46716	45435	41190	36906	35845
39899	42556	44494	45940	46702	48670	50176	51621	51977	48752	43431	43961	44810	43577	46626	45284	40895	36741	35616
39959	42820	44481	46138	46942	48867	50107	51796	52100	48787	43211	43851	45012	43557	46542	44946	40897	36584	35321
40019	43096	44342	45863	46584	48417	50175	51633	52115	48990	43459	43799	44999	43557	46519	45136	41030	36650	35302
40079	42866	44602	46148	46841	48503	50451	51623	52045	49060	43396	43959	45276	43724	46367	45078	40917	36485	35527
40139	42725	44592	46246	46728	48858	50560	51763	51820	49202	43419	43933	44828	43738	46576	45176	41049	36628	35350
40199	42675	44638	46144	47049	48449	50310	51741	52092	48984	43178	44248	44829	43458	46981	44923	41184	36649	35496
40259	42789	44443	45952	46586	48721	50436	51571	51922	48996	43499	43868	44916	43604	46516	45052	41121	36533	35249
40319	42677	44543	45789	46756	48898	50208	51429	51833	48844	43458	43768	44864	44187	46680	44852	41008	36194	35248
40379	42763	44486	45923	46735	48762	50300	51407	51783	48901	43188	44065	44918	43488	46459	44957	40948	36581	35226
40439	42806	44443	46087	46775	48792	50241	51340	51726	49029	43266	43849	44723	43755	46735	44731	40472	36498	35069
40499	42673	44661	46129	46999	48788	50517	51566	51921	48911	43701	44064	45115	43704	46633	45117	40956	36371	35111
40559	42632	44300	45957	46662	48775	50288	51574	52169	49015	43266	43726	44909	43243	46524	45174	40899	36064	34710
40619	42893	44824	46103	46719	48734	50412	51527	51904	49040	43436	43803	45065	44057	46444	44955	41109	36214	35247
0																		
0																		
0																		
0																		
0																		
0																		
0																		
0																		
0																		
0																		
0																		
0																		
0																		
0																		
0																		
0																		
0																		
0																		
0																		
0																		
0																		
0																		
0																		
0																		
0																		
0																		
0																		
0																		
0																		
0																		
0																		
0																		
0																		
0																		
0																		
0																		
0																		
0																		
0																		
0																		
0																		
0																		
0																		
0																		
0																		
0																		
0																		
0																		
0																		
0																		
0																		
0																		
0																		
0																		
0																		
0																		
0																		
0																		
0																		
0																		
0																		
0																		
0																		
0																		
0																		
0																		
0																		
0																		
0																		
0																		
0																		
0																		
0																		
0																		
0																		
0																		
0																		
0																		
0																		
0																		
0																		
0																		
0																		
0																		
0																		
0																		
0																		
0																		
0																		
0																		
0																		
0																		
0																		
0																		
0																		
0																		
0																		
0																		
0																		
0																		
0																		
0																		
0																		
0																		
0																		
0																		
0																		
0																		
0																		
0																		
0																		
0																		
0																		
0																		
0																		
0																		
0																		
0																		
0																		
0																		
0																		
0																		
0																		
0																		
0																		
0																		
0																		
0																		
0																		
0																		
0																		
0																		
0																		
0																		
0																		
0																		
0																		
0																		
0																		
0																		
0																		
0																		
0																		
0																		
0																		
0																		
0																		
0																		
0																		
0																		
0																		
0																		
0																		
0																		
0																		
0																		
0																		
0																		
0																		
0																		
0																		
0																		
0																		
0																		
0																		
0																		
0																		
0																		
0																		
0																		
0																		
0																		
0																		
0																		
0																		
0																		
0																		
0																		
0																		
0																		
0																		
0																		
0																		
0																		
0																		
0																		
0																		
0																		
0																		
0																		
0																		
0																		
0																		
0																		
0																		
0																		
0																		
0																		
0																		
0																		
0																		
0																		
0																		
0																		
0																		
0																		
0																		
0																		
0																		
0																		
0																		
0																		
0																		
0																		
0																		
0																		
0																		
0																		
0																		
0																		
0																		
0																		
0																		
0																		
0																		
0																		
0																		
0																		
0																		
0																		
0																		
0																		
0																		
0																		
0																		
0																		
0																		
0																		
0																		
0																		
0																		
0																		
0																		
0																		
0																		
0																		
0																		
0																		
0																		
0																		
0																		
0																		
0																		
0																		
0																		
0																		
0																		
0																		
0																		
0																		
0																		
0																		
0																		
0																		
0																		
0																		
0																		
0																		
0																		
0																		
0																		
0																		
0																		
0																		
0																		
0																		
0																		
0																		
0																		
0																		
0																		
0																		
0																		
0																		
0																		
0																		
0																		
0																		
0																		
0																		
0																		
0																		
0																		
0																		
0																		
0																		
0																		
0																		
0																		
0																		
0																		
0																		
0																		
0																		
0																		
0																		
0																		
0																		
0																		
0																		
0																		
0																		
0																		
0																		
0																		
0																		
0																		
0																		
0																		
0																		
0																		
0																		
0																		
0																		
0																		
0																		
0																		
0																		
0																		
0																		
0																		
0																		
0																		
0																		
0																		
0																		
0																		
0																		
0																		
0																		
0																		
0																		
0																		
0																		
0																		
0																		
0																		
0																		
0																		
0																		
0																		
0																		
0																		
0																		
0																		
0																		
0																		
0																		
0																		
0																		
0																		
0																		
0																		
0																		
0																		
0																		
0																		
0																		
0																		
0																		
0																		
0																		
0																		
0																		
0																		
0																		
0																		
0																		
0																		
0																		
0																		
0																		
0																		
0																		
0																		
0																		
0																		
0																		
0																		
0																		
0																		
0																		
0																		
0																		
0																		
0																		
0																		
0																		
0																		
0																		
0																		
0																		
0																		
0																		
0																		
0																		
0																		
0																		
0																		
0																		
0																		
0																		
0																		
0																		
0																		
0																		
0																		
0																		
0																		
0																		
0																		
0																		
0																		
0																		
0																		
0																		
0																		
0																		
0																		
0																		
0																		
0																		
0																		
0																		
0																		
0																		
0																		
0																		
0																		
0																		
0																		
0																		
0																		
0																		
0																		
0																		
0																		
0																		
0																		
0																		
0																		
0																		
0																		
0																		
0																		
0																		
0																		
0																		
0																		
0																		
0																		
0																		
0																		
0																		
0																		
0																		
0																		
0																		
0																		
0																		
0																		
0																		
0																		
0																		
0																		
0																		
0																		
0																		
0																		
0																		
0																		
0																		
0																		
0																		
0																		
0																		
0																		
0																		
0																		
0																		
0																		
0																		
0																		
0																		
0																		
0																		
0																		
0																		
0																		
0																		
0																		
0																		
0																		
0																		
0																		
0																		
0																		
0																		
0																		
0																		
0																		
0																		
0																		
0																		
0																		
0																		
0																		
0																		
0																		
0																		
0																		
0																		
0																		
0																		
0																		
0																		
0																		
0																		
0																		
0																		
0																		
0																		
0																		
0																		
0																		
0																		
0																		
0																		
0																		
0																		
0																		
0																		
0																		
0																		
0																		
0																		
0																		
0																		
0																		
0																		
0																		
0																		
0																		
0																		
0																		
0																		
0																		
0																		
0																		
0																		
0																		
0																		
0																		
0																		
0																		
0																		
0																		
0																		
0																		
0																		
0																		
0																		
0																		
0																		
0																		
0																		
0																		
0																		
0																		
0																		
0																		
0																		
0																		
0																		
0																		
0																		
0																		
0																		
0																		
0																		
0																		
0																		
0																		
0																		
0																		
0																		
0																		
0																		
0																		
0																		
0																		
0																		
0																		
0																		
0																		
0																		
0																		
0																		
0																		
0																		
0																		
0																		
0																		
0																		
0																		
0																		
0																		
0																		
0																		
0																		
0																		
0																		
0																		
0																		
0																		
0																		
0																		
0																		
0																		
0																		
0																		
0																		
0																		
0																		
0																		
0																		
0																		
0																		
0																		
0																		
0																		
0																		
0																		
0																		
0																		
0																		
0																		
0																		
0																		
0																		
0																		
0																		
0																		
0																		
0																		
0																		
0																		
0																		
0																		
0																		
0																		
0																		
0																		
0																		
0																		
0																		
0																		
0																		
0																		
0																		
0																		
0																		
0																		
0																		
0																		
0																		
0																		
0																		
0																		
0																		
0																		
0																		
0																		
0																		
0																		
0																		
0																		
0																		
0																		
0																		
0																		
0																		
0																		
0																		
0																		
0																		
0																		
0																		
0																		
0																		
0																		
0																		
0																		
0																		
0																		
0																		
0																		
0																		
0																		
0																		
0																		
0																		
0																		
0																		
0																		
0																		
0																		
0																		
0																		
0																		
0																		
0																		
0																		
0																		
0																		
0																		
0																		
0																		
0																		
0																		
0																		
0																		
0																		
0																		
0																		
0																		
0																		
0																		
0																		
0																		
0																		
0																		
0																		
0																		
0																		
0																		
0																		
0																		
0																		
0																		
0																		
0																		
0																		
0																		
0																		
0																		
0																		
0																		
0																		
0																		
0																		
0																		
0																		
0																		
0																		
0																		
0																		
0																		
0																		
0																		
0																		
0																		
0																		
0																		
0																		
0																		
0																		
0																		
0																		
0																		
0																		
0																		
0																		
0																		
0																		
0																		
0																		
0																		
0																		
0																		
0																		
0																		
0																		
0																		
0																		
0																		
0																		
0																		
0																		
0																		
0																		
0																		
0																		
0																		
0																		
0																		
0																		
0																		
0																		
0																		
0																		
0																		
0																		
0																		
0																		
0																		
0																		
0																		
0																		
0																		
0																		
0																		
0																		
0																		
0																		
0																		
0																		
0																		
0																		
0																		
0																		
0																		
0																		
0																		
0																		
0																		
0																		
0																		
0																		
0																		
0																		
0																		
0																		
0																		
0																		
0																		
0																		
0																		
0																		
0																		
0																		
0																		
0																		
0																		
0																		
0																		
0																		
0																		
0																		
0																		
0																		
0																		
0																		
0																		
0																		
0																		
0																		
0																		
0																		
0																		
0																		
0																		
0																		
0																		
0																		
0																		
0																		
0																		
0																		
0																		
0																		
0																		
0																		
0																		
0																		
0																		
0																		
0																		
0																		
0																		
0																		
0																		
0																		
0																		
0																		
0																		
0																		
0																		
0																		
0																		
0																		
0																		
0																		
0																		
0																		
0																		
0																		
0																		
0																		
0																		
0																		
0																		
0																		
0																		
0																		
0																		
0																		
0																		
0																		
0																		
0																		
0																		
0																		
0																		
0																		
0																		
0																		
0																		
0																		
0																		
0																		
0																		
0																		
0																		
0																		
0																		
0																		
0																		
0																		
0																		
0																		
0																		
0																		
0																		
0																		
0																		
0																		
0																		
0																		
0																		
0																		
0																		
0																		
0																		
0																		
0																		
0																		
0																		
0																		
0																		
0																		
0																		
0																		
0																		
0																		
0																		
0																		
0																		
0																		
0																		
0																		
0																		
0																		
0																		
0																		
0																		
0																		
0																		
0																		
0																		
0																		
0																		
0																		
0																		
0																		
0																		
0																		
0																		
0																		
0																		
0																		
0																		
0																		
0																		
0																		
0																		
0																		
0																		
0																		
0																		
0																		
0																		
0																		
0																		
0																		
0																		
0																		
0																		
0																		
0																		
0																		
0																		
0																		
0																		
0																		
0																		
0																		
0																		
0																		
0																		
0																		
0																		
0																		
0																		
0																		
0																		
0																		
0																		
0																		
0																		
0																		
0																		
0																		
0																		
0																		
0																		
0																		
0																		
0																		
0																		
0																		
0																		
0																		
0																		
0																		
0																		
0																		
0																		
0																		
0																		
0																		
0																		
0																		
0																		
0																		
0																		
0																		
0																		
0																		
0																		
0																		
0																		
0																		
0																		
0																		
0																		
0																		
0																		
0																		
0																		
0																		
0																		
0																		
0																		
0																		
0																		
0																		
0																		
0																		
0																		
0																		
0																		
0																		
0																		
0																		
0																		
0																		
0																		
0																		
0																		
0																		
0																		
0																		
0																		
0																		
0																		
0																		
0																		
0																		
0																		
0																		
0																		
0																		
0																		
0																		
0																		
0																		
0																		
0																		
0																		
0																		
0																		
0																		
0																		
0																		
0																		
0																		
0																		
0																		
0																		
0																		
0																		
0																		
0																		
0																		
0																		
0																		
0																		
0																		
0																		
0																		
0																		
0																		
0																		
0																		
0																		
0																		
0																		
0																		
0																		
0																		
0																		
0																		
0																		
0																		
0																		
0																		
0																		
0																		
0																		
0																		
0																		
0																		
0																		
0																		
0																		
0																		
0																		
0																		
0																		
0																		
0																		
0																		
0																		
0																		
0																		
0																		
0																		
0																		
0																		
0																		
0																		
0																		
0																		
0																		
0																		
0																		
0																		
0																		
0																		
0																		
0																		
0																		
0																		
0																		
0																		
0																		
0																		
0																		
0																		
0																		
0																		
0																		
0																		
0																		
0																		
0																		
0																		
0																		
0																		
0																		
0																		
0																		
0																		
0																		
0																		
0																		
0																		
0																		
0																		
0																		
0																		
0																		
0																		
0																		
0																		
0																		
0																		
0																		
0																		
0																		
0																		
0																		
0																		
0																		
0																		
0																		
0																		
0																		
0																		
0																		
0																		
0																		
0																		
0																		
0																		
0																		
0																		
0																		
0																		
0																		
0																		
0																		
0																		
0																		
0																		
0																		
0																		
0																		
0																		
0																		
0																		
0																		
0																		
0																		
0																		
0																		
0																		
0																		
0																		
0																		
0																		
0																		
0																		
0																		
0																		
0																		
0																		
0																		
0																		
0																		
0																		
0																		
0																		
0																		
0																		
0																		
0																		
0																		
0																		
0																		
0																		
0																		
0																		
0																		
0																		
0																		
0																		
0																		
0																		
0																		
0																		
0																		
0																		
0																		
0																		

