640,681

Time	B2	B3	B4	B5	C2	C3	C4	C5	D2	D3	D4	D5	E2	E3	E4	E5	F2	F3	F4	F5
0	505	505	459	8	493	497	478	442	459	480	436	449	465	455	460	459	9	4	461	437
60	504	502	464	6	469	498	457	448	486	452	450	459	457	461	462	460	7	5	458	448
120	499	482	497	6	451	478	462	457	467	436	452	457	439	449	449	451	5	7	423	457
180	494	451	456	10	455	464	463	462	487	443	473	472	466	461	472	476	4	5	464	428
240	491	481	468	6	459	467	465	444	462	461	426	455	476	454	462	457	9	4	449	429
300	504	493	467	5	457	471	444	442	448	448	451	450	442	449	461	462	5	6	472	462
360	484	478	470	6	471	459	433	441	446	451	440	430	439	457	475	455	4	5	460	446
420	462	474	438	9	466	452	448	444	454	451	457	446	455	464	486	462	3	4	475	455
480	467	490	443	8	448	434	459	447	461	450	450	439	437	475	448	449	3	5	440	442
540	444	468	474	7	466	462	442	443	451	438	440	433	431	468	439	425	6	5	451	425
600	467	482	451	8	454	444	449	450	428	423	436	431	421	441	423	438	7	5	434	431
660	467	465	435	5	466	459	466	428	415	437	426	439	419	432	457	452	7	5	446	426
720	459	431	437	5	446	441	452	432	435	451	429	431	419	463	433	445	5	6	449	430
780	485	445	452	3	460	465	447	454	442	427	433	437	433	424	442	456	6	7	440	419
840	477	451	442	6	455	438	426	449	432	436	420	424	422	432	424	426	2	5	443	449
900	498	446	450	6	446	439	424	432	426	444	435	450	400	436	436	457	5	3	417	452
960	439	440	446	8	471	462	439	454	447	428	431	438	425	455	455	421	7	5	441	449
1020	457	452	454	5	447	422	436	439	446	468	424	427	408	446	441	438	5	7	444	458
1080	453	445	439	4	413	445	440	444	440	434	437	431	422	449	422	442	10	4	421	445
1140	461	467	443	6	440	446	440	436	433	426	424	435	410	422	435	425	5	9	455	427
1200	450	445	436	8	424	438	430	427	428	446	409	449	413	434	434	438	6	8	416	397
1260	456	442	447	8	444	436	418	414	434	423	436	431	423	429	420	445	4	5	420	418
1320	466	467	436	7	431	452	432	450	418	446	421	436	409	428	436	436	5	9	426	443
1380	447	437	449	8	436	424	449	444	426	441	431	416	414	459	414	438	6	7	425	417
1440	475	454	449	7	451	445	440	412	437	450	443	415	422	413	419	442	3	5	440	446
1500	446	435	455	6	431	428	417	433	435	441	419	440	409	427	422	441	4	5	429	428
1560	452	425	424	10	448	427	452	427	427	430	437	447	389	439	422	428	4	4	444	410
1620	457	453	445	6	443	442	440	432	422	430	441	412	413	411	408	437	3	5	442	423
1680	459	451	456	6	451	442	417	429	440	423	412	437	402	422	416	435	6	5	433	432
1740	471	451	435	6	456	439	440	435	420	419	425	417	420	413	427	434	7	3	434	435
1800	437	444	435	7	445	408	415	433	415	440	408	430	398	430	411	433	3	6	443	440
1860	464	431	447	4	439	423	444	423	402	436	409	421	402	451	424	425	6	9	410	401
1920	445	443	454	6	448	425	445	426	420	447	416	435	409	450	431	439	1	8	445	410
1980	456	461	446	8	460	450	422	430	417	433	431	418	406	437	419	441	6	5	414	417
2040	476	467	435	7	436	419	434	427	407	424	427	441	416	430	439	435	4	7	441	425
2100	446	467	453	8	416	433	404	445	422	433	425	415	417	419	423	435	9	7	410	463
2160	418	448	424	4	436	444	443	423	440	433	421	428	410	424	418	418	6	6	397	410
2220	450	447	433	6	446	421	451	434	424	453	434	429	399	423	445	420	6	7	420	437
2280	423	421	448	6	441	445	404	443	416	422	408	414	400	439	428	446	4	7	415	416
2340	479	430	435	6	460	415	438	414	389	437	425	433	403	436	440	419	5	7	417	436
2400	461	459	430	8	447	427	441	418	440	417	411	425	406	431	432	421	3	11	407	420
2460	447	441	450	5	447	410	439	444	414	414	412	430	399	430	412	436	6	4	429	435
2520	434	436	442	5	425	420	438	413	418	444	422	441	384	445	451	434	6	6	428	392
2580	448	441	420	6	437	427	442	448	399	449	410	442	400	424	459	440	5	4	409	430
2640	457	424	448	7	429	441	438	414	413	425	398	440	411	420	437	417	8	5	412	428
3898	480	1028	521	8	495	474	467	480	554	571	585	608	483	477	564	596	5	5	595	564
3958	470	999	505	5	474	507	469	481	549	585	606	597	455	457	562	579	7	6	557	586
4038	472	993	517	8	478	490	453	471	555	580	593	593	462	477	552	561	6	7	569	563
4098	462	976	498	3	478	474	468	446	590	599	612	617	471	467	587	569	5	4	572	557
4158	476	957	529	4	448	479	450	477	567	555	590	594	445	446	570	563	4	4	595	577
4218	434	992	524	7	460	456	455	447	556	571	591	618	453	454	544	558	6	6	573	544
4278	456	988	505	8	450	461	450	457	541	542	579	609	425	473	563	552	5	4	567	559
4338	456	995	509	4	435	460	447	483	574	544	574	607	442	460	581	566	4	5	582	589
4398	466	1001	497	6	473	459	453	458	547	581	594	619	455	443	566	593	7	6	550	578
4458	461	989	490	6	447	462	445	431	568	517	617	597	435	454	584	565	7	5	568	553
4518	458	995	506	5	434	459	451	454	562	558	596	610	433	452	566	573	6	10	572	564
4578	454	988	515	4	458	448	445	448	545	566	598	621	431	440	564	591	5	3	564	576
4638	436	1002	502	8	458	479	448	445	576	538	630	621	416	433	590	582	7	7	571	606
4698	464	982	481	7	459	476	450	446	557	560	610	635	419	448	585	589	6	7	578	574
4758	446	979	500	5	440	454	443	437	543	541	619	617	428	449	556	587	8	6	576	604
4818	447	1002	514	9	449	455	425	485	543	564	584	630	431	437	607	569	7	6	575	603
4878	444	989	501	7	433	442	455	439	549	564	652	614	428	442	576	595	7	5	592	602
4938	423	999	474	7	433	467	433	455	544	546	626	611	428	456	607	606	5	4	606	582
4998	432	1021	499	9	451	474	436	445	558	536	635	642	418	454	609	585	6	5	575	602
5475	588	1400	625	7	702	740	614	799	710	677	778	869	533	534	738	721	7	6	722	762
5535	574	1464	645	9	738	788	606	848	717	705	781	885	532	549	733	722	8	12	751	761
5595	581	1499	625	5	771	845	639	943	690	682	802	912	554	530	740	730	7	9	787	824
5655	583	1501	671	8	796	908	677	1033	714	708	785	956	545	553	786	767	4	7	743	871
5715	598	1577	689	11	876	944	709	1074	718	709	818	1028	574	569	739	769	7	6	735	870
5775	614	1618	632	4	932	1031	731	1250	700	763	805	1066	597	575	793	834	3	6	740	911
5835	593	1681	661	6	983	1079	800	1365	728	756	825	1178	597	608	776	846	1	6	748	953
5895	571	1706	687	5	1041	1211	799	1494	732	774	840	1240	600	631	751	861	8	4	780	1006
5955	611	1720	688	7	1211	1341	866	1676	749	813	887	1361	599	633	777	897	6	5	761	1057
6015	601	1765	692	7	1297	1453	935	1927	751	815	851	1458	605	655	788	941	3	5	795	1112
6075	608	1846	716	4	1456	1636	951	2139	770	830	877	1664	635	669	811	980	7	10	811	1145
6135	610	1842	709	5	1553	1816	1023	2404	788	861	906	1770	639	649	798	1033	5	1	815	1267
6195	620	1954	731	5	1732	2019	1088	2789	762	916	947	1949	627	726	818	1077	4	9	817	1302
6255	608	2000	767	9	1924	2263	1199	3092	775	968	935	2104	659	733	826	1139	4	8	846	1425
6315	622	2037	749	8	2078	2459	1292	3414	820	1004	971	2300	656	777	858	1182	6	4	875	1479
6375	609	2007	789	7	2297	2666	1327	3858	804	1042	967	2518	646	805	846	1242	8	5	864	1558
6435	620	2035	768	4	2500	2975	1440	4256	826	1100	958	2761	666	892	888	1327	4	5	861	1655
6495	603	2067	808	3	2660	3291	1542	4705	829	1149	988	2967	659	920	911	1417	9	7	891	1711
6555	613	2136	787	4	2913	3586	1686	5083	814	1188	990	3274	704	986	893	1457	1	7	891	1821
6615	648	2116	798	3	3089	3861	1727	5538	850	1260	979	3542	711	1021	959	1524	4	3	914	1882
6675	632	2182	833	7	3314	4231	1898	6099	874	1321	1006	3840	726	1068	921	1527	5	4	914	1929
6735	633	2236	843	4	3567	4565	2086	6585	867	1403	1063	4175	738	1158	913	1650	7	4	922	2028
6795	647	2231	848	4	3774	4898	2146	7091	878	1450	1023	4437	737	1176	947	1734	8	5	949	2106
6855	648	2269	842	9	4051	5295	2313	7588	925	1574	1063	4724	737	1286	929	1779	4	7	917	2209
6915	654	2276	865	5	4316	5557	2451	8161	880	1662	1087	5037	762	1333	978	1917	3	5	960	2251
6975	626	2326	841	9	4513	5892	2556	8636	916	1744	1066	5430	767	1409	1010	1960	5	1	950	2376
7035	644	2281	887	3	4706	6314	2687	9152	895	1902	1075	5861	802	1478	966	1987	4	8	955	2470
7095	647	2329	881	4	4977	6735	2876	9656	921	2002	1105	6141	793	1543	976	2091	6	3	987	2540
7155	643	2377	884	7	5282	7061	3026	10346	940	2093	1119	6556	812	1655	974	2130	6	6	983	2639
7215	657	2408	936	5	5434	7537	3191	10782	959	2191	1103	6818	825	1696	1016	2277	7	4	1015	2648
7275	667	2455	923	9	5563	7828	3330	11087	952	2345	1137	7156	859	1820	1025	2291	5	5	1015	2775
7335	672	2442	929	5	5882	8177	3437	11872	968	2473	1123	7602	861	1878	1068	2420	7	4	1011	2854
7395	653	2419	903	6	6160	8657	3585	12337	966	2646	1137	8044	878	2008	1013	2477	7	5	1061	2921
7455	669	2443	970	6	6395	8911	3766	12906	993	2799	1156	8408	877	2061	1076	2586	4	6	1042	2972
7515	694	2515	971	4	6620	9261	3861	13388	999	2904	1177	8915	880	2142	1050	2634	7	5	1044	3110
7575	698	2496	970	4	6809	9717	4077	13979	1034	3077	1175	9180	884	2321	1087	2715	5	2	1058	3136
7635	679	2442	999	10	7004	10096	4247	14389	1024	3240	1208	9525	895	2389	1097	2769	8	8	1084	3181
7695	676	2584	1019	9	7293	10305	4359	15089	1024	3414	1205	9995	907	2400	1092	2903	5	7	1054	3390
7755	699	2530	985	7	7427	10932	4568	15495	1034	3652	1176	10519	936	2576	1112	2942	6	1	1108	3289
7815	658	2534	1039	4	7672	11193	4728	15889	1078	3809	1188	10870	960	2675	1124	3004	7	5	1093	3446
7875	692	2506	1001	6	7832	11560	4863	16299	1070	3983	1191	11279	968	2802	1113	3106	6	6	1097	3549
7935	678	2567	1060	7	8111	11858	5103	17036	1060	4221	1259	11669	970	2932	1127	3298	6	9	1134	3616
7995	674	2673	1052	5	8212	12273	5270	17483	1068	4386	1209	12025	980	2995	1159	3294	9	4	1168	3637
8055	689	2630	1073	6	8536	12625	5410	17985	1078	4648	1231	12534	995	3135	1213	3317	10	4	1113	3727
8115	692	2634	1082	10	8693	13124	5555	18316	1080	4880	1267	13003	1031	3305	1168	3421	4	6	1138	3783
8175	713	2594	1127	4	8898	13283	5601	18802	1100	5046	1283	13387	1021	3403	1196	3519	10	8	1135	3896
8235	686	2611	1074	2	9076	13879	5808	19266	1114	5250	1269	13807	1024	3497	1237	3601	3	6	1138	3966
8295	704	2679	1072	4	9254	14182	6004	19967	1154	5586	1283	14263	1048	3657	1221	3748	10	6	1182	4133
8355	689	2617	1094	7	9549	14417	6097	20425	1172	5784	1323	14633	1040	3780	1221	3783	4	5	1174	4070
8415	701	2713	1096	6	9606	14778	6337	20757	1118	6012	1298	15081	1070	3892	1261	3834	2	5	1178	4171
8475	724	2691	1108	5	9719	15005	6526	21195	1172	6303	1309	15461	1111	3992	1289	3893	6	6	1185	4173
8535	750	2649	1166	8	10040	15513	6675	21662	1123	6583	1265	15855	1096	4126	1252	4005	3	10	1212	4240
8595	741	2633	1127	8	10214	15668	6751	22135	1186	6833	1307	16288	1132	4201	1275	4083	7	8	1187	4333
8655	737	2683	1174	9	10289	15982	7019	22598	1202	7055	1282	16559	1140	4361	1264	4121	10	7	1230	4440
8715	740	2719	1157	7	10446	16481	7014	23053	1171	7504	1326	17134	1138	4516	1293	4232	5	4	1218	4405
8775	728	2726	1179	5	10513	16795	7317	23468	1218	7672	1306	17607	1205	4653	1338	4372	5	5	1210	4548
8835	736	2746	1196	6	10701	17058	7486	23873	1223	7981	1359	17814	1188	4862	1338	4292	4	6	1220	4589
8895	751	2686	1193	6	10848	17466	7663	24318	1240	8346	1297	18401	1205	4928	1313	4517	5	6	1237	4569
8955	769	2729	1222	7	11041	17542	7749	24634	1227	8671	1349	18593	1175	5040	1336	4486	5	5	1240	4749
9015	723	2670	1263	7	11135	17772	7879	25129	1256	8877	1328	19091	1190	5253	1349	4592	7	3	1214	4803
9075	752	2721	1243	7	11274	18209	7958	25394	1269	9245	1356	19518	1214	5464	1377	4627	6	4	1263	4827
9135	740	2799	1213	5	11532	18342	8200	25948	1253	9643	1366	19807	1217	5537	1372	4740	8	5	1249	4914
9195	768	2791	1236	4	11614	18929	8406	26049	1295	9807	1376	20159	1222	5691	1359	4940	4	6	1270	4910
9255	761	2740	1275	9	11844	18917	8491	26732	1279	10170	1394	20654	1252	5858	1407	4814	6	8	1271	4946
9315	759	2797	1277	6	11957	19374	8741	26867	1265	10634	1379	21076	1272	5926	1387	5032	4	8	1282	4884
9375	757	2815	1305	5	11979	19697	8799	27235	1301	10961	1420	21429	1289	6173	1409	5137	2	3	1300	5047
9435	766	2765	1298	5	12134	19887	8930	27679	1292	11408	1370	21609	1350	6238	1426	5069	4	7	1299	5142
9495	749	2828	1292	7	12256	20212	9155	28003	1309	11637	1417	22020	1320	6401	1438	5228	8	5	1341	5219
9555	739	2857	1331	6	12389	20293	9237	28404	1358	12079	1426	22551	1316	6674	1466	5302	7	2	1334	5237
9615	780	2878	1326	5	12508	20584	9396	28397	1372	12400	1409	22852	1363	6815	1469	5368	5	3	1324	5242
9675	787	2802	1329	6	12466	20918	9681	28909	1340	12989	1397	23088	1367	7050	1460	5416	8	8	1349	5340
9735	797	2867	1330	7	12776	21246	9611	29238	1366	13251	1490	23459	1387	7134	1491	5411	4	4	1321	5338
9795	765	2836	1346	6	12879	21502	9725	29644	1358	13576	1480	23828	1354	7248	1477	5581	6	4	1382	5425
9855	808	2813	1378	7	12912	21768	10131	29832	1349	13959	1474	24133	1375	7406	1540	5679	5	8	1391	5453
9915	781	2903	1352	8	12969	21977	10137	30437	1412	14362	1454	24555	1416	7624	1533	5701	7	5	1352	5581
9975	779	2848	1361	11	13167	22006	10153	30516	1398	14857	1456	24796	1408	7878	1561	5697	6	5	1368	5553
10035	792	2901	1362	9	13210	22284	10406	30889	1392	15290	1468	25086	1461	7999	1527	5806	5	9	1380	5637
10095	780	2879	1414	7	13448	22661	10457	31278	1420	15505	1466	25615	1445	8172	1563	5897	9	2	1415	5614
10155	808	2911	1421	6	13474	23005	10701	31370	1422	16038	1478	25749	1501	8344	1534	6031	6	7	1367	5673
10215	802	2885	1406	3	13556	23295	10929	31651	1455	16620	1527	26113	1475	8463	1586	6120	7	4	1401	5818
10275	804	2952	1440	5	13657	23367	11021	32085	1458	16871	1470	26499	1472	8712	1577	6013	3	6	1397	5742
10335	768	2927	1436	8	13735	23406	11133	32188	1428	17300	1525	26620	1491	8908	1567	6207	5	4	1413	5789
10395	829	2941	1417	9	13724	23535	11169	32207	1470	17713	1537	27179	1498	9163	1619	6305	5	3	1419	5866
10455	800	2865	1417	5	13699	23889	11473	32742	1482	18130	1551	27271	1515	9371	1619	6353	6	6	1434	5820
10515	823	2970	1454	7	14006	23953	11591	33159	1481	18574	1537	27681	1519	9461	1608	6328	7	6	1435	5936
10575	792	2992	1482	7	14099	24418	11739	33365	1511	19079	1527	27843	1537	9642	1644	6450	6	5	1423	5984
10635	825	2976	1464	9	14078	24647	11861	33606	1534	19485	1531	28180	1610	9974	1627	6470	3	5	1434	6065
10695	801	2927	1474	5	14151	24671	11941	33771	1523	19887	1509	28634	1574	10107	1663	6637	6	5	1455	6077
10755	824	2958	1507	4	14309	25064	12050	34104	1545	20521	1556	28778	1550	10303	1688	6618	7	5	1489	6080
10815	798	2911	1540	6	14381	25035	12230	34157	1515	20954	1580	29478	1640	10432	1654	6780	7	9	1434	6166
10875	829	3002	1520	9	14353	25448	12350	34523	1513	21388	1581	29413	1618	10636	1731	6877	6	3	1478	6187
10935	796	2998	1539	7	14505	25400	12492	34725	1546	21860	1553	29580	1618	10842	1717	6880	6	4	1462	6188
10995	822	3027	1563	3	14501	25704	12429	34918	1564	22292	1647	30103	1632	11156	1658	6977	4	8	1482	6329
11055	837	2974	1513	3	14741	25933	12719	35336	1579	23165	1624	30283	1647	11381	1758	7016	5	9	1470	6281
11115	803	2947	1540	6	14601	25974	12814	35267	1519	23306	1632	30560	1670	11541	1754	7004	6	10	1509	6409
11175	831	2996	1573	4	14878	26283	13123	35662	1585	23893	1603	30575	1636	11806	1756	7130	2	11	1495	6426
11235	840	3014	1542	7	14799	26364	13097	35420	1608	24391	1631	31234	1719	11954	1712	7166	5	6	1534	6402
11295	854	3019	1595	7	14895	26566	13322	35877	1605	24739	1637	31368	1736	12151	1744	7307	3	7	1497	6489
11355	839	3017	1598	7	14967	26731	13347	36199	1603	25224	1620	31456	1709	12260	1805	7310	6	6	1505	6533
11415	832	3023	1582	6	15126	26770	13378	36360	1644	25800	1646	31737	1726	12685	1797	7330	8	1	1516	6543
11475	854	3013	1635	5	15001	26911	13599	36492	1598	26421	1615	31878	1776	12762	1822	7361	6	6	1567	6594
11535	829	3092	1661	6	15140	27133	13733	36467	1609	26724	1672	32173	1738	12981	1813	7655	8	3	1576	6604
11595	851	3011	1621	6	15264	27146	13768	36764	1655	27218	1657	32528	1777	13294	1828	7583	7	6	1597	6651
11655	840	2995	1637	8	15242	27537	13828	37059	1641	27789	1638	32462	1783	13431	1811	7543	8	5	1528	6697
11715	821	3046	1687	3	15087	27505	13965	37175	1660	28209	1651	32944	1836	13672	1874	7584	5	7	1562	6736
11775	849	3071	1634	5	15305	27828	14244	37352	1681	28912	1697	32965	1819	13964	1848	7773	7	6	1578	6684
11835	872	3054	1658	8	15369	27675	14245	37279	1674	29237	1709	33223	1792	14215	1877	7781	6	3	1595	6683
11895	851	3068	1693	6	15651	28018	14320	37474	1683	29680	1684	33794	1850	14521	1871	7771	7	4	1569	6850
11955	874	3016	1706	7	15481	28321	14532	37845	1703	30408	1731	33818	1860	14609	1898	7839	6	5	1621	6888
12015	892	3056	1713	6	15489	28141	14636	37749	1708	30561	1684	33957	1851	14903	1884	7931	7	8	1579	6826
12075	875	3060	1687	4	15586	28277	14819	38193	1743	31002	1693	33998	1868	15075	1887	8006	4	7	1608	6882
12135	861	3093	1644	9	15548	28580	14775	38355	1749	31793	1697	34335	1876	15448	1965	8012	6	7	1620	6867
12195	895	3072	1716	6	15564	28555	14846	38300	1724	31881	1721	34566	1878	15548	1960	8092	4	6	1597	6974
12255	881	3058	1706	9	15735	28829	15000	38455	1760	32906	1768	34772	1987	15854	1952	8213	9	8	1638	6982
12315	849	3118	1751	8	15775	28910	15011	38456	1727	33299	1687	34603	1932	16105	1936	8291	7	4	1644	7121
12375	897	3065	1710	5	15954	28929	15130	38564	1795	33655	1740	34797	1969	16312	1975	8336	6	3	1685	6973
12435	882	3116	1735	9	15931	29118	15348	38806	1735	34040	1715	35258	1942	16582	1978	8374	6	8	1657	7098
12495	894	3124	1775	9	15868	29037	15524	39100	1743	34597	1774	35454	1970	16817	1934	8405	3	3	1660	7103
12555	913	3134	1786	9	15889	29343	15628	39042	1761	35037	1735	35288	1969	17017	1980	8426	6	10	1670	7155
12615	877	3135	1787	5	15905	29510	15587	39435	1778	35743	1802	35737	1995	17365	1982	8557	3	5	1658	7171
12675	896	3118	1793	8	15985	29780	15771	39563	1776	35981	1780	36015	2025	17556	2045	8673	2	5	1665	7221
12735	902	3117	1794	5	15820	29609	15908	39344	1779	36625	1798	36006	1984	17692	1964	8684	3	1	1674	7171
12795	871	3160	1777	6	16017	29630	16005	39707	1804	36906	1769	36304	1990	18113	2062	8601	8	8	1676	7229
12855	933	3139	1820	6	16117	29963	16102	39660	1820	37149	1830	36468	2064	18439	2043	8757	6	4	1672	7393
12915	895	3148	1815	7	16062	29864	16183	39841	1814	38120	1834	36758	2066	18594	2034	8803	4	9	1734	7216
12975	914	3146	1802	8	16130	30089	16209	40067	1802	38518	1799	36704	2097	18873	2026	8761	7	8	1720	7402
13035	909	3157	1837	8	16247	29998	16437	40111	1897	38737	1786	36994	2091	19052	2043	8795	6	4	1731	7420
13095	909	3122	1845	4	16102	30155	16535	40178	1809	39107	1801	36998	2063	19509	2015	8843	4	6	1749	7360
13155	898	3198	1799	8	16328	30277	16519	40556	1825	39323	1807	37289	2116	19623	2060	9036	5	4	1749	7386
13215	895	3152	1825	8	16268	30581	16589	40261	1847	39936	1844	37220	2125	19848	2076	9186	5	3	1707	7442
13275	904	3185	1855	8	16200	30598	16819	40394	1921	40594	1855	37463	2169	20162	2140	9137	9	5	1753	7573
13335	871	3257	1812	8	16157	30382	16732	40525	1926	40751	1834	37430	2155	20510	2088	9180	3	7	1797	7550
13395	935	3218	1827	2	16444	30745	16873	40686	1897	41287	1906	37822	2174	20811	2127	9163	4	4	1720	7522
13455	912	3196	1881	6	16441	30691	16937	40842	1890	41436	1851	38006	2131	20888	2100	9266	5	6	1760	7565
13515	913	3163	1833	7	16542	30706	17190	40858	1966	41939	1882	37854	2117	21141	2154	9259	6	8	1777	7552
13575	930	3244	1875	3	16240	30804	17112	40966	1922	42519	1851	38394	2200	21392	2127	9345	9	4	1743	7592
13635	912	3255	1913	7	16412	31260	17202	40995	1894	42636	1878	38266	2218	21747	2166	9359	5	6	1772	7685
13695	935	3189	1889	8	16517	31133	17209	41139	1923	42789	1865	38288	2211	22011	2121	9566	6	3	1750	7680
13755	914	3203	1887	2	16357	30950	17363	41492	1922	43307	1858	38476	2219	22445	2153	9549	6	6	1818	7747
13815	923	3235	1929	6	16759	31240	17568	41224	1914	43908	1892	38754	2238	22574	2155	9621	10	5	1829	7712
13875	966	3234	1934	5	16519	31340	17750	41354	1949	44193	1899	38556	2232	22874	2189	9572	6	8	1834	7747
13935	924	3260	1925	7	16562	31449	17758	41164	1968	44269	1890	38881	2308	23042	2177	9681	6	6	1837	7708
13995	937	3274	1932	8	16738	31176	17783	41503	1941	44487	1882	38947	2271	23282	2201	9780	8	7	1810	7876
14055	942	3265	1904	7	16491	31617	17955	41420	1967	45050	1922	39208	2271	23620	2253	9754	8	10	1841	7848
14115	896	3279	1957	8	16771	31542	17769	41632	1966	45051	1900	39277	2309	23697	2212	9745	5	11	1842	7823
14175	948	3285	1947	3	16681	31626	18024	41356	1957	45658	1910	39775	2284	24135	2198	9789	6	4	1838	7965
14235	931	3274	2030	4	16873	31775	18207	41889	1985	45631	1904	39509	2286	24438	2199	9903	7	4	1864	7951
14295	954	3217	2044	3	16639	31742	18231	41644	1961	46024	1946	39921	2338	24498	2208	9857	7	3	1882	7906
14355	911	3257	1981	4	16678	31739	18286	41936	2004	45863	1948	39519	2329	24974	2258	10052	5	6	1847	7854
14415	942	3250	1986	3	16732	31778	18307	41850	2014	46086	1881	39790	2380	25356	2263	10019	5	6	1843	7866
14475	953	3223	2000	2	16770	32015	18317	42108	2023	46614	1882	39907	2320	25483	2199	10059	6	5	1905	8030
14535	984	3293	1971	7	16869	31956	18430	42174	2012	46704	1930	39889	2352	25699	2286	9995	6	6	1837	8010
14595	936	3336	2017	7	16835	32087	18346	42336	2028	46360	1940	40010	2403	26042	2276	10003	2	6	1892	7998
14655	931	3280	2010	5	16777	31884	18405	42354	2032	47051	1977	40177	2417	26375	2223	10088	8	2	1895	7921
14715	956	3298	1979	6	16818	32370	18683	42798	2032	47223	2000	40131	2401	26591	2325	10286	7	7	1860	8107
14775	944	3285	2019	9	17092	32306	18569	42450	2040	47348	1950	40462	2486	26791	2301	10303	6	6	1868	7913
14835	944	3267	2059	8	16987	32353	18731	42518	2087	47387	1994	40525	2488	27000	2300	10181	5	3	1882	8082
14895	964	3302	2073	5	16826	32354	18853	42655	2051	47496	2001	40588	2399	27493	2299	10212	5	5	1879	8081
14955	962	3337	2048	7	16954	32219	18937	42450	2011	47326	2005	40874	2463	27562	2283	10354	5	6	1963	8173
15015	945	3283	2085	4	17004	32388	18959	42548	2100	47486	2005	40651	2471	27932	2338	10467	7	5	1872	8215
15075	961	3242	2054	6	17040	32268	19022	42442	2087	47663	1991	40964	2450	28077	2366	10493	6	5	1942	8112
15135	970	3311	2078	5	16868	32442	19299	42746	2063	47577	1984	40492	2446	28481	2353	10472	4	4	1945	8186
15195	964	3350	2119	4	17087	32414	19266	43108	2141	47894	1997	41118	2489	28932	2377	10419	6	2	1889	8202
15255	989	3312	2122	7	16815	32694	19295	43027	2146	48104	1997	41018	2452	28894	2388	10570	8	6	1933	8199
15315	999	3345	2057	6	17052	32863	19236	42928	2117	47971	1986	41002	2501	29565	2366	10520	5	4	1963	8222
15375	983	3336	2114	8	17190	32543	19267	43186	2123	47983	2000	41220	2512	29593	2366	10726	10	5	1916	8333
15435	999	3334	2125	6	17129	32777	19535	43335	2076	47804	2008	41322	2486	29811	2383	10794	5	9	2000	8304
15495	986	3359	2131	6	17125	32817	19533	43063	2148	48021	2006	41358	2518	30164	2377	10719	7	5	1956	8260
15555	975	3390	2134	1	17161	32882	19666	43055	2131	48165	2041	41569	2541	30333	2365	10764	7	5	1950	8335
15615	980	3313	2106	3	17216	33130	19740	42873	2111	48404	2042	41421	2550	30785	2482	10821	4	6	2012	8317
15675	980	3376	2130	11	17162	32935	19615	43188	2163	48205	2061	41536	2518	30689	2436	10863	8	5	1938	8310
15735	993	3302	2129	8	17329	33075	19611	43159	2159	48007	2061	41584	2561	31244	2437	10856	8	4	1951	8367
15795	987	3363	2097	6	17317	32946	19862	42873	2137	48363	2023	41532	2588	31595	2430	10821	4	7	2033	8450
15855	986	3333	2139	5	17316	33129	19937	43242	2177	48294	2025	41740	2602	31817	2397	11046	4	5	1998	8442
15915	965	3419	2136	9	17066	33195	19974	43190	2111	48474	2101	41694	2623	32079	2416	10972	10	5	1977	8315
15975	980	3334	2100	4	17292	33304	20022	43353	2169	48281	2059	41833	2639	32333	2471	11007	5	10	2010	8257
16035	966	3361	2124	7	17177	33177	20045	43337	2194	48017	2069	42287	2596	32661	2445	11123	7	4	2006	8459
16095	984	3359	2167	6	17411	33345	20059	43393	2167	48124	2082	41853	2596	32961	2477	11113	5	3	2020	8394
16155	1000	3409	2131	11	17135	33061	20247	43428	2166	48327	2057	41981	2627	33051	2442	11121	5	5	2033	8479
16215	991	3406	2197	3	17405	33198	20165	43448	2134	48313	2125	42234	2633	33410	2451	11261	7	4	2024	8509
16275	997	3412	2110	10	17303	33336	20240	43366	2232	48460	2058	42083	2719	33715	2521	11108	6	5	2023	8485
16335	1020	3364	2235	8	17356	33306	20198	43289	2165	48379	2076	42260	2650	33707	2514	11295	4	3	2006	8522
16395	998	3416	2146	6	17317	33174	20417	43609	2141	48257	2078	42373	2662	34270	2493	11216	4	7	2046	8477
16455	1029	3400	2204	7	17424	33472	20402	43689	2257	48547	2159	42140	2703	34204	2516	11294	6	7	2056	8521
16515	1020	3416	2204	10	17442	33619	20414	43447	2214	48436	2115	42282	2638	34524	2495	11275	8	3	2034	8665
16575	1003	3440	2280	4	17351	33591	20451	44054	2215	48470	2150	42447	2692	35041	2523	11418	5	5	2043	8590
16635	1001	3435	2224	7	17491	33437	20585	43895	2219	48532	2170	42543	2698	35253	2472	11458	9	6	2038	8598
16695	1019	3428	2187	9	17542	33643	20570	43624	2235	48528	2103	42570	2747	35429	2553	11464	4	5	2068	8582
16755	1007	3409	2233	7	17759	33772	20743	43487	2214	48715	2113	42573	2743	35774	2532	11432	8	6	2018	8635
16815	1023	3437	2183	3	17394	33685	20749	43855	2212	48327	2124	42377	2714	35948	2507	11542	4	3	2059	8680
16875	1003	3475	2276	9	17354	33726	20694	43523	2201	48470	2142	42707	2758	35916	2502	11520	6	7	2087	8579
16935	1007	3487	2213	4	17567	33851	20878	44068	2291	48722	2131	42921	2717	36302	2580	11563	5	7	2073	8678
16995	1050	3490	2246	5	17400	33804	21010	43590	2227	48496	2131	42867	2741	36424	2518	11610	7	6	2138	8685
17055	1031	3417	2252	3	17632	33944	21111	44016	2223	48807	2134	42925	2806	36827	2558	11636	5	3	2076	8667
17115	1028	3427	2248	7	17630	33974	21206	43698	2281	48851	2166	42955	2762	37170	2545	11778	5	5	2070	8660
17175	1035	3359	2264	2	17566	34047	20944	43729	2265	48385	2168	43017	2791	37445	2576	11676	5	5	2072	8695
17235	1009	3424	2292	8	17470	33664	21160	43867	2296	48579	2143	42851	2812	37448	2552	11636	3	6	2074	8683
17295	1052	3376	2270	6	17706	33943	20987	43928	2307	48466	2151	42750	2762	37709	2570	11823	5	7	2105	8877
17355	1020	3417	2299	7	17492	33808	21143	43846	2300	48456	2169	42868	2842	37900	2624	11688	4	3	2116	8803
17415	1031	3425	2292	7	17594	34094	21193	44102	2281	48489	2190	43365	2807	38247	2608	11800	12	6	2099	8720
17475	1040	3386	2270	6	17648	33881	21108	44023	2276	48665	2132	43082	2874	38315	2605	11754	8	2	2164	8769
17535	993	3468	2249	9	17551	33884	21221	44061	2264	48223	2181	43051	2867	38394	2603	11820	7	4	2146	8766
17595	1023	3481	2291	8	17690	34199	21111	43655	2291	48746	2189	43201	2782	38784	2584	11935	5	4	2094	8748
17655	1045	3490	2267	7	17755	33909	21454	43971	2292	48445	2154	43283	2829	39066	2628	11833	6	5	2159	8892
17715	1037	3443	2358	8	17728	34299	21459	44141	2314	48693	2178	43151	2824	39460	2591	11848	2	4	2105	8893
17775	1037	3469	2328	7	17628	34027	21360	43720	2293	48294	2218	43365	2816	39701	2589	11996	6	5	2160	8743
17835	1037	3438	2318	5	17715	34054	21417	44314	2326	48360	2234	43581	2896	40082	2570	12046	7	4	2127	8839
17895	987	3480	2324	4	17806	34107	21674	44180	2337	48788	2200	43125	2895	40123	2608	12059	7	9	2119	8880
17955	1019	3492	2320	6	17554	34136	21486	44091	2337	48599	2225	43323	2852	39930	2602	12021	7	5	2148	8903
18015	1068	3448	2365	8	17695	34276	21455	44085	2296	48803	2188	43479	2953	40453	2635	12158	7	7	2139	8975
18075	1052	3503	2239	6	17613	34175	21576	44182	2309	49128	2203	43431	2909	40334	2623	12172	4	4	2198	8909
18135	1075	3522	2330	4	17539	34160	21688	44296	2330	48728	2295	43576	2944	40679	2605	12168	6	7	2166	8870
18195	1071	3507	2329	5	17623	34152	21799	44085	2329	48268	2278	43488	2930	40936	2636	12105	6	7	2163	8887
18255	1058	3488	2328	10	17834	34303	21706	44552	2319	48645	2227	43825	2928	41137	2619	12292	7	4	2167	8989
18315	1075	3523	2443	9	17766	34173	21832	44478	2365	48653	2210	43765	2892	41109	2671	12212	6	7	2188	8967
18375	1050	3445	2377	6	17687	34348	21886	44504	2356	48412	2288	43726	2925	41479	2679	12297	6	7	2206	8987
18435	1075	3583	2421	7	17829	34272	21863	44518	2389	48621	2251	43785	2978	41536	2662	12303	3	5	2182	8952
18495	1052	3489	2356	10	17782	34545	21941	44256	2355	48756	2288	43560	2942	41821	2620	12394	7	8	2188	8976
18555	1055	3568	2358	7	17547	34461	22074	44297	2409	48781	2241	43796	2951	42156	2663	12215	7	6	2171	9056
18615	1039	3482	2388	5	17819	34270	22115	44447	2367	48591	2201	43686	2986	42493	2606	12314	5	7	2194	9003
18675	1063	3490	2378	6	17675	34455	22173	44350	2351	48734	2258	43911	2984	42722	2647	12427	6	8	2179	9094
18735	1052	3461	2384	5	17846	34453	22075	44220	2330	48662	2258	43752	2983	42645	2702	12360	5	7	2215	8933
18795	1020	3476	2432	9	17628	34575	22091	44444	2367	48729	2228	44166	2966	42804	2668	12515	7	10	2225	9097
18855	1069	3540	2414	7	17777	34406	22049	44530	2395	48891	2262	43657	3025	42921	2682	12502	9	6	2192	9019
18915	1061	3575	2377	10	17837	34506	22250	44754	2401	48822	2234	44067	2999	43096	2713	12482	4	7	2231	9075
18975	1078	3514	2386	6	17797	34368	22252	44572	2375	48678	2234	44032	3003	43133	2717	12492	6	7	2248	9164
19035	1035	3537	2373	7	17719	34267	22288	44486	2383	48950	2289	43927	3008	43404	2687	12528	6	6	2246	8971
19095	1069	3531	2379	5	17677	34573	22229	44612	2423	48604	2325	44300	3024	43311	2728	12629	4	6	2228	9049
19155	1105	3521	2417	5	17780	34550	22179	44703	2432	48925	2291	43940	3108	43773	2752	12450	4	3	2237	9097
19215	1069	3514	2465	8	17768	34303	22350	44538	2423	48876	2295	44092	2974	43925	2656	12528	8	6	2231	9178
19275	1066	3516	2402	6	17880	34645	22227	44603	2383	48645	2321	44213	3008	44056	2753	12614	7	6	2242	9208
19335	1067	3580	2457	4	17734	34489	22348	44614	2400	48958	2255	43834	3009	44371	2742	12595	5	4	2277	9018
19395	1124	3586	2401	8	17912	34490	22537	44590	2375	48999	2347	44299	3066	44338	2748	12523	8	4	2263	9041
19455	1086	3533	2494	8	17883	34550	22539	44723	2377	48994	2333	43974	3144	44430	2787	12743	6	4	2278	9186
19515	1076	3526	2432	10	17857	34535	22376	44650	2417	48695	2353	44468	3077	44509	2758	12759	5	2	2244	9362
19575	1084	3560	2399	8	17859	34814	22542	44569	2442	48392	2324	43872	3093	44546	2778	12600	9	5	2287	9136
19635	1128	3507	2383	6	17854	34881	22551	44658	2445	48921	2308	44115	3046	44561	2803	12716	7	6	2282	9290
19695	1105	3470	2442	7	17878	34713	22654	44857	2410	48952	2315	44411	3076	44782	2752	12804	3	6	2291	9189
19755	1089	3541	2499	8	17854	34732	22493	44661	2408	48801	2363	44123	3111	45045	2754	12739	6	8	2253	9221
19815	1081	3532	2353	6	17846	34675	22494	44412	2409	48692	2327	44081	3081	45116	2801	12838	8	5	2328	9226
19875	1102	3568	2462	2	17793	34611	22817	44751	2407	49358	2344	44470	3112	45335	2742	12853	6	7	2302	9201
19935	1077	3523	2414	2	17938	34385	22487	44443	2440	48833	2348	44379	3139	45578	2791	12866	8	2	2277	9372
19995	1104	3551	2464	7	18003	34694	22596	44856	2479	48846	2334	44170	3105	45773	2778	12730	8	4	2289	9287
20055	1087	3571	2451	7	17807	34698	22877	44525	2431	49142	2364	44108	3100	45682	2788	12856	3	1	2246	9313
20115	1066	3586	2393	10	17899	34790	22671	44628	2443	48787	2364	44249	3162	45679	2823	12894	5	5	2245	9251
20175	1098	3554	2482	5	18052	34880	22927	44833	2476	48993	2388	44464	3109	45710	2775	12908	1	2	2356	9351
20235	1093	3560	2427	5	18099	34687	22837	44550	2444	48521	2385	44326	3174	45814	2826	12860	3	7	2306	9332
20295	1085	3590	2477	7	17799	35029	22581	44581	2479	48875	2400	44264	3124	46114	2764	13013	7	1	2307	9262
20355	1126	3611	2475	10	18034	34656	22896	44631	2453	48658	2375	44490	3176	46414	2798	13055	6	9	2345	9340
20415	1081	3544	2492	7	17909	34947	22885	44748	2440	48930	2403	44509	3109	46250	2776	13074	5	4	2362	9258
20475	1152	3534	2450	9	17853	35052	22966	44654	2412	49195	2379	44423	3113	46428	2827	13015	5	4	2290	9325
20535	1130	3587	2459	9	17844	34806	22972	44526	2481	48750	2389	44163	3209	46331	2835	13157	4	3	2345	9321
20595	1083	3531	2489	4	17940	34768	22919	44703	2436	49215	2418	44480	3132	46483	2782	13044	5	6	2351	9373
20655	1104	3582	2514	9	17945	35114	23048	44800	2446	48649	2343	44761	3197	46724	2836	13199	5	6	2338	9323
20715	1129	3640	2462	5	17753	34935	22916	45137	2450	49184	2366	44892	3143	46446	2827	13076	9	6	2327	9273
20775	1102	3599	2521	5	17888	34844	23076	44709	2479	48922	2402	44626	3153	46703	2810	13007	4	7	2327	9456
20835	1129	3614	2480	4	18064	34832	23029	44732	2447	48907	2351	44660	3252	46557	2845	13175	3	7	2317	9401
20895	1118	3638	2555	6	18088	34909	23095	44672	2533	48749	2383	44563	3227	46641	2893	13319	6	5	2381	9439
20955	1091	3644	2486	3	18070	34918	22930	44501	2506	48771	2406	44733	3206	47052	2858	13249	5	7	2317	9371
21015	1084	3628	2468	6	18074	34918	23090	44643	2503	48951	2426	44474	3161	47125	2846	13289	2	5	2335	9325
21075	1135	3619	2558	11	17925	34809	23114	44734	2536	49163	2420	44680	3196	46672	2858	13183	7	4	2305	9307
21135	1133	3643	2528	9	17906	34758	23215	44864	2528	49045	2419	44749	3194	46985	2910	13198	5	4	2347	9557
21195	1145	3603	2539	5	17875	34848	23100	44843	2528	48927	2477	44361	3215	47299	2892	13322	5	5	2350	9589
21255	1082	3668	2555	7	17801	34933	23288	44954	2475	48732	2394	44507	3260	47276	2909	13321	5	4	2363	9498
21315	1146	3630	2479	3	17914	35063	23188	44535	2459	49010	2474	44375	3264	47351	2900	13216	4	7	2354	9475
21375	1134	3622	2552	5	17966	35110	23271	44734	2555	49014	2407	44788	3273	47461	2864	13375	6	9	2356	9521
21435	1141	3678	2484	5	18048	34973	23339	44710	2496	49284	2413	44601	3251	47614	2911	13264	7	4	2362	9518
21495	1147	3599	2553	4	18152	34679	23240	44809	2498	48726	2400	44544	3257	47661	2888	13325	7	7	2340	9502
21555	1131	3644	2555	5	18087	34913	23593	44975	2541	48947	2416	44706	3275	47051	2914	13361	4	5	2439	9514
21615	1139	3591	2527	11	18092	35086	23298	45016	2510	48907	2456	44619	3288	47284	2925	13400	4	6	2373	9412
21675	1138	3618	2551	8	18000	34935	23371	44993	2561	48849	2437	44883	3226	47683	2858	13418	4	6	2373	9519
21735	1139	3618	2562	2	18011	35050	23288	44825	2499	48805	2434	44751	3307	47566	2889	13406	6	5	2387	9466
21795	1151	3635	2547	7	17908	35037	23352	44740	2507	49065	2471	44517	3313	47472	2925	13412	3	7	2415	9541
21855	1169	3564	2518	6	18070	35176	23460	45006	2552	48604	2444	44512	3262	47709	2905	13550	4	7	2412	9419
21915	1115	3642	2574	4	18172	34913	23222	44951	2457	48825	2466	45074	3280	47941	2923	13440	8	6	2385	9484
21975	1179	3578	2543	7	17985	35210	23135	44872	2488	48974	2450	44722	3286	47618	2877	13445	7	7	2359	9499
22035	1151	3626	2540	9	18052	35218	23539	44778	2548	48808	2487	44898	3293	47943	2884	13435	7	3	2376	9545
22095	1158	3609	2560	4	17917	34755	23453	44709	2522	48555	2446	44872	3323	47573	2887	13485	2	7	2355	9511
22155	1105	3653	2578	6	18054	35264	23481	44941	2536	49132	2473	44849	3285	47856	2904	13608	5	4	2372	9554
22215	1149	3654	2544	9	17975	35244	23343	44524	2519	48897	2504	44508	3274	47992	2932	13439	7	5	2374	9547
22275	1173	3608	2609	8	18192	35058	23334	45043	2552	48970	2429	44849	3253	47979	2936	13539	4	5	2500	9556
22335	1142	3676	2565	8	18009	34860	23412	44920	2459	48782	2474	44581	3326	48141	2883	13524	7	7	2397	9713
22395	1134	3567	2495	6	18021	35026	23495	45113	2580	48947	2454	45027	3278	48177	2950	13582	6	6	2405	9466
22455	1120	3712	2532	4	17915	35179	23627	45228	2490	48751	2492	44858	3341	48025	2946	13549	3	5	2451	9555
22515	1110	3692	2561	4	18124	35131	23446	44815	2526	48744	2445	44736	3342	47973	2909	13582	4	8	2367	9641
22575	1114	3585	2534	11	18028	35060	23396	44667	2538	48732	2433	44991	3332	47931	2990	13600	5	6	2442	9589
22635	1087	3650	2544	4	18095	34917	23505	44995	2502	49144	2468	44566	3305	48280	2979	13660	5	8	2396	9585
22695	1149	3675	2533	8	18040	35132	23605	44825	2576	49098	2489	44771	3371	48122	2976	13647	7	4	2376	9663
22755	1151	3660	2569	6	17919	35153	23493	44811	2533	49097	2427	44998	3290	48287	2967	13734	8	4	2421	9625
22815	1124	3662	2581	5	18113	35088	23661	44743	2560	48436	2466	44960	3351	48266	2988	13670	8	5	2415	9587
22875	1184	3657	2556	8	18040	35133	23702	44866	2584	48978	2483	44872	3368	48545	2964	13767	8	9	2401	9653
22935	1137	3647	2630	7	18050	35126	23735	45065	2566	48893	2481	44710	3337	48419	2962	13614	8	8	2417	9806
22995	1131	3713	2512	10	18075	35110	23800	44999	2590	48991	2487	44842	3331	48428	2939	13563	4	5	2444	9637
23055	1140	3670	2566	6	18071	35268	23638	44955	2609	48503	2522	44768	3401	48443	2974	13672	8	4	2386	9602
23115	1136	3614	2585	9	17969	35397	23744	45108	2568	48956	2512	44737	3287	48236	2947	13688	6	4	2433	9673
23175	1158	3671	2584	10	18005	35039	23569	45099	2515	48762	2518	44760	3329	48296	2927	13751	8	8	2437	9610
23235	1158	3664	2605	4	18090	35095	23450	44791	2578	49217	2546	44886	3376	48104	3002	13724	3	3	2420	9746
23295	1142	3664	2560	7	18096	34988	23621	44913	2563	48980	2523	44843	3363	48285	3002	13665	7	5	2442	9603
23355	1144	3751	2593	9	18090	35223	23912	45191	2530	48900	2566	45156	3365	48397	2992	13757	7	9	2467	9763
23415	1155	3632	2685	4	17906	34973	23827	44945	2533	48587	2509	44667	3439	48515	3022	13784	8	8	2484	9697
23475	1122	3650	2615	9	18043	35122	23733	45049	2557	48977	2540	44989	3440	48281	3032	13821	6	6	2446	9704
23535	1153	3652	2626	9	18090	35154	23853	45021	2565	48551	2495	45000	3433	48483	2917	13751	9	8	2497	9670
23595	1157	3728	2640	8	18054	35291	23796	44872	2537	48741	2520	44968	3438	48916	2996	13696	8	5	2439	9673
23655	1126	3659	2629	11	18221	35212	23580	44756	2516	49152	2560	44958	3371	48270	3041	13730	7	8	2413	9703
23715	1174	3704	2613	8	18150	35138	23910	44905	2533	48699	2504	44877	3381	48894	2977	13889	5	4	2447	9664
23775	1145	3629	2588	1	18066	35187	23927	45051	2623	48983	2508	44696	3412	48827	3011	13774	7	6	2462	9654
23835	1161	3655	2575	6	18271	35385	23930	44821	2569	49383	2561	44949	3389	48547	3032	13751	6	10	2489	9628
23895	1187	3678	2597	4	18100	35375	23834	45224	2601	48905	2521	44879	3407	48611	3001	13794	7	5	2448	9741
23955	1172	3730	2603	2	18181	35144	23919	45181	2554	49228	2549	45080	3410	48885	3044	13765	8	3	2482	9734
24015	1181	3721	2641	9	18215	35152	23823	45347	2565	49039	2564	44624	3400	48689	3070	13765	4	5	2428	9696
24075	1158	3673	2606	6	18020	35197	23846	44772	2615	49065	2531	45101	3417	48483	2978	13823	5	2	2464	9754
24135	1172	3699	2581	9	17986	35140	23804	45048	2573	48914	2528	45108	3435	48568	3030	13920	6	7	2448	9793
24195	1142	3694	2572	8	18043	35164	24087	44929	2606	48821	2588	45140	3434	48740	3031	13892	4	7	2467	9771
24255	1165	3750	2643	5	18102	35115	23970	44507	2616	48992	2493	44773	3405	48668	3003	13685	7	5	2441	9728
24315	1167	3689	2622	7	18034	35014	24069	45143	2558	49058	2527	45065	3396	48654	3030	13812	4	7	2479	9731
24375	1145	3694	2591	4	18168	35157	24060	45080	2609	48929	2544	45161	3424	48581	3060	13965	6	9	2491	9771
24435	1144	3739	2590	9	17996	35225	24037	45121	2641	49209	2577	44717	3480	48735	3035	13883	2	7	2486	9804
24495	1179	3694	2605	6	18061	35284	23929	45084	2644	49097	2555	45098	3480	48706	2995	13938	4	7	2447	9712
24555	1173	3724	2685	4	18018	35119	24131	44769	2611	48818	2532	45006	3495	48746	3027	13791	10	7	2485	9590
24615	1152	3659	2654	8	18012	35325	24175	44936	2552	49374	2567	45071	3463	48866	3079	13882	6	4	2459	9767
24675	1144	3686	2633	8	18250	35414	23877	45041	2629	49013	2624	45080	3508	49002	3042	13867	6	6	2529	9733
24735	1143	3788	2668	7	18110	35469	23861	44869	2636	48924	2553	45001	3488	48993	3073	13879	8	8	2488	9773
24795	1192	3739	2681	3	18115	35307	23946	45210	2634	49022	2599	44882	3462	48508	3064	14033	6	6	2478	9748
24855	1185	3718	2633	5	18215	35199	24139	44762	2660	48616	2527	44876	3456	49166	3012	13968	2	4	2476	9827
24915	1149	3656	2601	6	18068	35445	24063	45121	2632	49116	2572	44893	3513	48822	3104	13877	5	6	2491	9775
24975	1186	3701	2634	5	18004	35473	24043	45097	2634	49201	2597	44934	3494	48870	3013	13820	6	8	2478	9735
25035	1188	3672	2606	4	18112	35196	23989	45199	2598	48910	2536	45003	3408	49135	3017	13906	3	8	2492	9775
25095	1169	3750	2588	7	18207	35339	24012	45138	2550	49036	2581	45299	3478	49005	3081	13919	6	7	2470	9885
25155	1195	3716	2657	4	18141	35338	24184	45033	2652	49249	2568	45093	3490	48873	3026	13942	4	3	2474	9875
25215	1163	3755	2662	7	18103	35327	23973	45099	2565	48860	2614	45004	3469	48761	3045	13884	6	3	2516	9761
25275	1171	3710	2628	6	18334	35286	24151	45014	2563	48857	2569	45079	3534	49196	3127	13859	6	7	2463	9809
25335	1150	3724	2645	2	18144	35366	24106	44761	2617	49197	2615	45148	3549	48889	3035	13885	7	7	2493	9863
25395	1189	3649	2654	4	18169	35260	24148	44893	2625	49108	2534	44985	3449	48880	3090	13930	7	5	2484	9867
25455	1203	3712	2672	6	17995	35281	24134	45183	2619	48953	2590	45252	3459	48892	2988	13897	6	6	2535	9806
25515	1153	3714	2668	5	18118	35177	24098	44882	2617	48951	2540	44949	3435	48945	3086	13986	4	6	2482	9841
25575	1175	3720	2631	5	17976	35498	24130	45031	2560	48665	2590	44806	3460	49387	3125	13905	4	6	2471	9790
25635	1200	3717	2652	8	18149	35189	24055	45098	2619	49093	2547	44856	3532	49040	3049	13972	8	4	2510	9928
25695	1163	3700	2625	4	18163	35309	23928	44665	2648	48924	2592	45007	3466	49060	3123	14142	5	5	2448	9870
25755	1165	3637	2676	4	18207	35606	24086	44844	2607	49012	2579	44998	3522	48754	3057	13866	4	6	2506	9835
25815	1171	3663	2643	7	18319	35314	24092	44983	2575	48828	2559	45028	3434	48746	3022	13899	4	6	2502	9849
25875	1161	3662	2632	5	18118	35171	24147	45167	2651	48773	2591	44928	3479	48820	3033	14000	9	3	2468	9930
25935	1145	3694	2701	6	18051	35009	24195	45287	2617	49141	2561	44975	3530	49045	3122	14054	6	6	2468	9787
25995	1166	3733	2637	5	18148	35194	24206	44826	2646	49384	2589	45148	3448	48777	3081	14023	8	8	2468	9862
26055	1174	3762	2650	9	18088	35357	24218	45239	2637	49069	2634	45116	3507	49058	3089	13942	6	5	2550	9854
26115	1168	3710	2642	2	18146	35463	24240	45065	2616	49243	2620	45157	3510	48988	3180	14056	6	6	2489	9900
26175	1153	3707	2695	7	18158	35528	24169	44825	2638	48883	2587	45156	3485	49053	3125	14072	3	9	2487	9796
26235	1185	3722	2656	7	18149	35070	24367	45247	2657	48773	2591	44842	3473	48974	3125	14044	6	10	2487	9789
26295	1181	3724	2658	6	18226	35299	24197	44889	2648	49027	2580	45005	3515	49199	3095	14095	5	3	2533	9848
26355	1212	3696	2722	7	18359	35176	24007	44836	2655	48470	2624	44816	3533	49085	3059	14053	5	8	2462	9839
26415	1189	3743	2627	8	18178	35438	24277	45252	2623	48748	2587	44890	3578	48907	3095	13924	5	6	2489	9907
26475	1162	3726	2608	6	18172	35312	24185	44674	2634	49009	2594	45206	3555	49159	3084	14070	6	6	2520	9908
26535	1190	3692	2584	6	17997	35272	24222	45217	2660	48830	2601	45097	3470	49054	3160	13986	7	6	2448	9822
26595	1226	3621	2671	6	18268	35509	24281	44705	2684	48911	2614	45189	3520	49146	3066	13979	8	4	2511	9905
26655	1194	3769	2661	0	18196	35494	24182	44826	2674	49072	2638	45000	3544	49071	3121	14162	4	7	2585	9920
26715	1185	3756	2657	6	18161	35463	24238	44965	2632	49096	2613	44947	3519	48811	3140	14050	7	3	2526	9935
26775	1207	3687	2665	7	18252	35391	24337	44873	2647	49162	2647	45055	3458	48852	3135	14010	7	4	2558	9833
26835	1204	3779	2650	4	18202	35330	24179	45282	2668	48854	2625	44968	3500	49021	3134	14005	6	4	2516	10021
26895	1200	3700	2686	5	18061	35204	24236	45092	2621	49031	2621	45053	3576	49149	3105	13999	5	4	2605	9929
26955	1207	3775	2705	7	18011	35517	24242	45190	2620	48876	2625	45228	3501	49022	3102	14048	3	6	2454	9925
27015	1217	3664	2714	4	18100	35594	24274	45319	2669	48986	2593	45147	3525	49043	3098	14132	6	5	2490	9820
27075	1210	3787	2683	7	17968	35616	24142	44963	2713	49099	2606	44811	3572	49035	3145	14142	6	3	2569	9954
27135	1185	3782	2653	9	18193	35303	24257	44809	2645	48800	2624	45339	3558	49022	3082	14177	6	9	2541	9775
27195	1206	3720	2742	6	18166	35572	24324	45140	2674	48827	2656	45276	3519	48906	3063	14220	5	5	2486	9890
27255	1205	3722	2732	8	18190	35353	24321	45207	2661	48864	2623	45164	3547	49196	3144	14148	5	2	2500	10002
27315	1182	3694	2654	8	18134	35398	24295	45146	2670	48798	2610	45087	3541	49039	3123	14062	8	6	2517	9991
27375	1199	3809	2702	8	18095	35266	24290	45091	2622	48735	2628	44901	3567	49083	3088	14066	5	5	2577	9867
27435	1209	3707	2619	8	18063	35319	24280	44885	2638	49152	2625	44910	3544	48866	3136	14104	3	3	2526	9893
27495	1229	3733	2724	3	18209	35520	24417	44979	2675	49261	2623	45008	3543	49149	3165	14205	8	5	2560	9917
27555	1200	3695	2666	5	18192	35389	24285	45221	2676	49031	2564	45112	3575	49068	3138	14047	7	6	2566	9971
27615	1220	3723	2745	7	18134	35382	24286	45282	2673	48949	2619	44859	3600	49048	3147	14112	6	6	2555	9937
27675	1215	3777	2721	2	18240	35317	24391	45232	2663	48978	2651	45153	3594	48930	3131	14248	7	7	2534	10044
27735	1209	3860	2711	9	18088	35232	24469	45170	2620	48861	2646	45163	3547	49129	3132	14251	8	4	2516	9903
27795	1243	3779	2715	7	18164	35493	24466	44997	2691	48759	2649	44874	3559	49053	3132	14155	7	3	2548	9904
27855	1208	3731	2687	6	17995	35456	24318	45235	2649	49136	2600	44968	3484	49018	3126	14127	7	5	2491	9972
27915	1181	3724	2655	6	18169	35482	24491	44903	2634	49222	2612	45216	3580	49329	3171	14218	6	3	2560	9985
27975	1235	3742	2743	8	18203	35607	24641	45036	2684	48712	2645	45328	3557	49356	3116	14164	4	6	2542	9888
28035	1194	3718	2694	5	18107	35439	24326	45067	2675	48725	2676	45233	3534	49057	3157	14176	7	2	2540	10119
28095	1229	3766	2730	6	18162	35340	24389	44953	2672	48726	2638	45306	3590	49095	3176	14164	5	3	2546	9924
28155	1220	3776	2703	6	17937	35398	24403	45063	2709	48915	2650	45167	3552	49166	3150	14192	6	5	2515	9887
28215	1209	3787	2694	6	18076	35436	24352	44880	2629	48984	2621	45097	3563	48897	3132	14183	5	4	2534	10017
28275	1203	3793	2710	10	18298	35417	24342	45108	2649	49431	2673	45001	3660	49038	3123	14247	5	6	2579	9967
28335	1237	3814	2646	5	18226	35391	24318	45223	2721	49048	2645	45079	3630	49243	3108	14166	10	2	2558	9934
28395	1220	3723	2684	5	18237	35499	24332	45017	2659	49042	2592	45109	3584	49069	3122	14320	8	7	2573	10044
28455	1231	3737	2712	5	18073	35263	24383	45302	2743	49313	2655	45442	3540	49030	3151	14129	10	7	2552	10040
28515	1207	3776	2724	9	18159	35440	24374	45081	2683	49045	2699	45348	3573	49111	3148	14156	6	6	2576	9922
28575	1209	3735	2711	8	18165	35532	24404	45103	2693	49049	2601	44935	3647	49397	3179	14221	4	7	2508	9896
28635	1190	3754	2724	5	18186	35189	24404	45188	2727	48955	2651	44898	3560	49066	3129	14206	2	7	2541	9901
28695	1204	3762	2714	10	18320	35549	24252	45102	2681	49211	2627	45161	3611	49017	3125	14294	6	6	2568	9844
28755	1198	3766	2689	6	18125	35272	24229	45035	2685	49139	2602	45171	3616	49357	3169	14334	4	6	2544	9950
28815	1197	3752	2711	7	18067	35386	24397	45308	2667	48848	2609	45072	3561	49393	3167	14284	5	2	2471	10005
28875	1211	3721	2787	5	18213	35447	24462	44961	2655	48978	2643	45097	3606	49279	3123	14236	7	4	2560	9916
28935	1259	3828	2748	7	18218	35512	24405	45175	2649	49107	2615	44702	3607	49000	3170	14205	5	2	2539	9908
28995	1242	3832	2666	6	18299	35271	24452	45013	2700	48752	2647	45018	3580	48956	3208	14268	8	6	2557	10029
29055	1229	3788	2782	6	18072	35346	24522	45379	2703	48809	2631	44764	3514	49140	3124	14258	6	4	2569	10040
29115	1247	3813	2748	13	18029	35566	24414	45062	2713	49168	2666	44950	3572	49110	3142	14449	6	4	2513	9909
29175	1236	3771	2707	6	18208	35442	24359	45249	2714	48931	2671	44929	3594	48971	3167	14259	5	6	2543	9973
29235	1221	3776	2665	5	18240	35332	24564	44896	2680	49010	2696	44989	3633	49050	3169	14269	2	6	2526	9872
29295	1183	3850	2738	7	18229	35542	24449	45223	2703	48955	2664	45128	3629	49137	3204	14261	6	3	2556	10035
29355	1239	3770	2724	10	18264	35327	24379	45044	2652	49162	2723	45229	3597	48928	3177	14342	10	8	2534	10049
29415	1191	3768	2728	7	18414	35208	24386	44724	2716	49034	2682	44978	3574	49372	3186	14195	5	6	2564	9896
29475	1225	3744	2744	6	18362	35308	24540	45022	2629	49005	2656	45172	3598	48947	3196	14430	7	5	2566	10001
29535	1203	3776	2710	10	18370	35355	24348	45216	2720	48773	2657	45165	3628	49177	3186	14196	5	0	2567	10035
29595	1212	3732	2728	7	18253	35453	24508	44998	2731	49282	2735	44746	3580	49011	3163	14267	8	5	2585	9988
29655	1221	3761	2739	6	18247	35389	24368	44986	2708	48876	2732	45028	3637	49018	3202	14334	2	7	2540	9915
29715	1226	3769	2764	9	18202	35292	24302	45047	2690	49297	2657	45170	3620	49152	3170	14294	4	6	2519	10019
29775	1263	3762	2761	6	18177	35650	24489	44975	2706	49235	2707	45258	3573	49103	3174	14328	8	5	2524	9890
29835	1235	3800	2744	4	18330	35384	24333	45090	2695	48836	2648	45088	3608	49171	3156	14345	8	5	2515	10016
29895	1239	3770	2754	10	18138	35392	24515	45357	2648	48947	2681	44978	3555	49113	3131	14273	2	9	2556	10063
29955	1245	3780	2766	2	18077	35564	24407	45016	2685	49041	2659	45081	3636	49412	3199	14300	6	3	2556	9933
30015	1207	3773	2784	8	18394	35380	24567	44781	2698	48714	2663	45221	3663	49054	3176	14359	5	8	2555	10057
30075	1229	3716	2699	8	18299	35543	24388	45012	2704	48854	2668	45041	3586	49285	3169	14341	6	6	2530	10018
30135	1231	3782	2727	6	18207	35628	24491	45167	2669	49166	2727	45176	3576	49031	3207	14251	8	7	2594	10104
30195	1215	3726	2706	4	18335	35365	24624	45194	2728	48895	2679	45303	3681	49081	3251	14242	8	3	2609	9939
30255	1227	3808	2742	8	18134	35394	24408	44894	2699	49026	2652	45034	3669	49394	3248	14350	8	3	2578	9949
30315	1246	3799	2724	5	18178	35277	24435	45091	2656	48973	2644	45294	3668	49380	3193	14392	2	3	2532	9851
30375	1214	3779	2765	6	18208	35358	24392	45244	2647	49024	2607	45095	3669	49491	3201	14144	6	6	2532	9902
30435	1224	3746	2748	7	18191	35355	24665	45177	2712	48915	2717	45060	3688	49300	3173	14289	2	6	2523	9882
30495	1197	3723	2750	8	18022	35517	24360	44927	2675	49045	2657	45050	3609	49277	3133	14497	4	7	2587	9945
30555	1215	3675	2734	7	18214	35071	24370	45481	2698	48850	2663	45231	3551	49265	3259	14287	7	5	2569	9972
30615	1228	3782	2761	4	18113	35334	24349	45032	2695	49086	2718	45442	3662	49354	3193	14288	7	9	2588	9994
30675	1268	3796	2738	7	18073	35543	24287	45017	2684	49139	2697	44874	3614	49075	3207	14269	7	6	2572	10051
30735	1243	3742	2718	3	18312	35470	24645	44961	2692	48864	2671	44976	3640	49164	3162	14312	6	4	2626	10023
30795	1242	3755	2739	2	18308	35487	24501	45294	2699	48936	2714	45261	3638	49323	3217	14271	6	6	2613	10087
30855	1256	3807	2737	2	18262	35500	24370	45259	2730	49004	2644	45175	3632	49263	3183	14447	2	6	2552	9991
30915	1242	3807	2727	3	18441	35246	24553	45249	2717	49047	2735	45272	3613	49176	3194	14414	5	5	2613	9871
30975	1255	3771	2741	10	18312	35384	24576	45206	2703	49332	2660	45102	3642	48960	3220	14320	6	3	2553	9928
31035	1258	3769	2704	5	18309	35383	24464	44718	2738	49110	2701	44960	3679	49073	3192	14366	6	6	2540	10035
31095	1214	3739	2702	7	18220	35322	24636	45221	2695	49112	2692	45077	3653	49458	3184	14215	7	6	2554	10083
31155	1206	3821	2808	7	18186	35398	24729	45005	2694	48846	2711	45012	3619	49328	3265	14396	4	3	2537	9991
31215	1251	3776	2725	6	18179	35631	24475	44809	2724	49285	2705	44914	3643	49342	3220	14272	5	5	2576	9971
31275	1214	3767	2736	8	18397	35505	24345	45152	2813	48930	2685	44740	3632	49148	3240	14542	8	1	2523	9968
31335	1227	3706	2710	13	18160	35221	24445	44964	2650	48870	2685	45186	3652	49418	3183	14385	6	6	2561	9970
31395	1236	3773	2782	4	18224	35385	24624	45165	2681	49132	2644	45089	3653	48980	3237	14471	3	8	2545	9930
31455	1201	3778	2764	6	18195	35534	24544	45004	2721	48927	2735	44953	3694	49509	3222	14211	8	4	2545	9956
31515	1220	3793	2735	7	18404	35290	24506	44955	2732	48908	2744	45027	3642	49345	3220	14319	10	6	2597	9995
31575	1268	3782	2713	9	18134	35105	24525	45170	2675	49031	2665	45073	3718	49142	3191	14413	7	6	2549	10019
31635	1221	3771	2753	7	18143	35164	24570	45288	2760	49445	2699	45290	3607	49117	3288	14421	4	5	2535	10154
31695	1222	3734	2785	9	18236	35509	24540	44939	2686	49044	2678	45194	3613	48986	3203	14349	4	5	2597	9981
31755	1268	3772	2720	6	18297	35296	24599	45106	2715	48745	2666	44836	3640	48987	3250	14296	8	3	2629	9882
31815	1219	3781	2764	7	18120	35539	24425	44964	2739	49129	2688	45398	3656	49086	3257	14422	7	4	2536	10040
31875	1238	3785	2747	8	18116	35323	24638	44909	2719	48799	2715	45327	3643	49262	3227	14257	5	7	2592	10003
31935	1246	3751	2780	4	18219	35488	24445	45180	2682	49128	2698	45276	3641	49255	3201	14447	6	5	2525	10027
31995	1239	3712	2734	7	18293	35403	24767	45210	2691	48583	2703	45115	3730	49329	3233	14518	10	7	2589	10050
32055	1233	3849	2712	5	18014	35394	24378	45143	2751	48849	2701	45104	3624	49252	3229	14243	4	5	2572	9902
32115	1259	3845	2824	8	18246	35658	24584	45045	2677	49001	2743	45234	3626	49199	3202	14428	3	8	2585	9968
32175	1257	3776	2761	7	18092	35234	24532	45136	2728	49126	2761	45581	3698	49305	3185	14453	4	7	2499	10078
32235	1230	3828	2756	11	18216	35504	24541	45110	2729	49248	2695	45206	3649	49103	3234	14418	6	3	2570	10119
32295	1234	3774	2767	5	18226	35631	24713	45330	2701	49242	2763	45231	3616	49102	3170	14475	4	7	2600	10019
32355	1250	3819	2791	5	18108	35345	24469	45131	2725	48619	2649	45070	3678	49042	3195	14279	5	8	2591	9981
32415	1252	3838	2776	7	18195	35395	24583	45247	2717	49190	2746	45287	3688	49164	3246	14479	4	2	2575	9975
32475	1246	3749	2756	6	18151	35350	24507	45103	2725	48696	2694	44997	3688	49142	3225	14477	5	6	2564	9949
32535	1251	3815	2752	7	18329	35358	24608	45268	2713	49037	2741	45159	3652	49350	3264	14374	5	5	2599	10123
32595	1226	3762	2793	8	18220	35079	24483	45254	2759	49147	2668	45171	3747	48857	3245	14451	4	7	2576	10040
32655	1246	3829	2832	5	18319	35531	24574	45077	2804	48930	2758	44889	3628	49207	3259	14387	4	9	2533	10164
32715	1215	3730	2783	6	18268	35359	24437	45221	2735	49354	2760	44886	3675	49392	3183	14516	7	7	2638	9989
32775	1254	3800	2765	7	18106	35681	24509	45087	2758	49213	2682	44847	3585	49144	3330	14368	6	7	2581	9920
32835	1244	3878	2768	6	18225	35590	24434	45183	2735	49286	2683	45202	3682	49139	3202	14429	7	8	2632	10098
32895	1227	3722	2751	5	18272	35332	24465	45338	2720	48368	2710	45258	3753	49247	3302	14438	3	5	2602	10086
32955	1245	3791	2784	4	18163	35442	24639	45007	2699	48705	2710	45261	3642	49062	3243	14222	3	4	2618	10058
33015	1253	3717	2783	8	18267	35610	24731	45203	2775	48862	2689	45108	3681	49230	3254	14370	6	3	2536	10057
33075	1264	3858	2756	5	18265	35413	24712	45077	2765	49292	2736	45040	3672	49178	3188	14477	6	5	2648	10043
33135	1236	3838	2705	7	18344	35463	24494	44973	2767	49123	2687	44925	3671	49396	3272	14555	5	7	2621	10071
33195	1281	3819	2779	2	18198	35597	24529	45193	2720	49284	2691	45404	3710	49199	3246	14471	6	6	2589	10075
33255	1259	3805	2839	9	18408	35439	24560	45049	2740	48574	2749	45340	3603	49449	3265	14296	5	3	2540	10060
33315	1245	3778	2749	8	18379	35244	24563	44891	2670	48949	2678	44817	3671	49045	3247	14254	7	5	2579	9981
33375	1262	3711	2799	7	18263	35469	24556	45276	2773	49258	2759	45120	3704	49189	3233	14436	9	6	2594	10022
33435	1272	3881	2791	4	18408	35323	24739	45209	2735	49028	2746	45018	3638	49285	3216	14352	6	5	2563	10094
33495	1267	3816	2754	9	18335	35334	24622	45262	2700	49465	2743	45446	3685	49072	3255	14424	8	8	2593	10093
33555	1297	3779	2832	7	18200	35698	24521	44776	2710	49246	2773	45001	3651	49288	3214	14335	5	4	2629	10157
33615	1272	3843	2782	4	18274	35325	24764	44956	2748	49116	2730	45171	3743	49189	3214	14479	4	5	2582	10025
33675	1247	3786	2761	6	18414	35245	24548	45022	2770	49263	2719	45011	3709	49333	3172	14317	6	8	2602	10084
33735	1293	3837	2732	5	18180	35572	24499	44838	2740	49125	2784	44990	3648	49509	3214	14403	5	6	2589	9987
33795	1290	3780	2772	7	18279	35542	24446	45006	2710	49040	2774	45065	3702	49033	3288	14488	6	5	2625	10118
33855	1284	3812	2800	8	18367	35339	24677	45091	2704	49053	2683	45212	3678	49272	3282	14421	6	10	2649	10056
33915	1243	3836	2776	9	18210	35409	24602	45026	2690	49031	2759	45183	3724	49146	3192	14530	4	9	2614	10076
33975	1247	3779	2755	5	18245	35446	24399	45004	2796	48991	2654	45085	3722	48972	3224	14473	7	8	2602	10097
34035	1243	3808	2787	4	18100	35839	24637	45095	2736	49149	2758	45303	3662	49392	3242	14583	5	3	2600	10115
34095	1247	3867	2773	8	18127	35366	24547	45059	2698	49162	2694	45163	3646	49136	3232	14553	7	9	2631	10138
34155	1256	3818	2787	9	18125	35649	24567	45145	2728	49391	2709	45174	3696	49257	3285	14509	4	2	2559	10041
34215	1236	3779	2772	5	18218	35443	24691	45147	2729	49257	2727	45314	3717	49322	3210	14285	8	4	2642	10073
34275	1249	3823	2796	2	18285	35259	24677	45033	2736	49033	2741	45261	3705	49599	3203	14500	5	8	2634	10049
36551	51089	49732	48768	7	52835	56681	53848	59702	48133	61667	45245	59185	45507	61809	44557	48781	6	7	43515	47125
36611	51096	50261	49111	6	52090	56093	53858	59136	48087	60581	45880	58575	46052	60854	45519	49300	8	9	44400	47850
36671	51055	50075	49054	8	52181	55216	53376	58397	48318	59911	46363	57511	46054	60025	45964	49323	4	4	45341	47608
36731	50642	49967	48725	6	51385	54831	53434	57833	48185	58927	46291	56754	45928	58765	46102	48991	6	5	45430	47864
36791	50108	49529	48227	8	51236	54469	52895	56635	48108	58627	45378	55807	45979	58183	46144	48835	10	5	45272	47433
36851	50437	49662	47844	6	51178	53914	52429	55862	47898	57515	45670	55060	45769	56941	45842	48448	7	5	45280	47022
36911	49504	49162	47946	6	50406	53378	51936	55226	47452	56234	45544	54587	45146	56613	45838	48525	6	5	44937	46932
36971	49638	48921	47437	9	49867	53002	51547	54461	46879	56128	45256	54036	44890	55753	45775	47877	6	7	45190	46722
37031	48958	48269	47053	4	49830	52646	51114	53827	46927	55128	44563	53218	44848	55105	45488	47908	7	3	44502	46076
37091	48814	47820	46892	7	49405	51800	50811	53404	46565	54327	44081	52787	44277	54264	44862	47368	6	3	44123	46242
37151	48583	47573	46681	8	49000	51384	50314	52688	45896	54273	44214	52252	43804	53518	44675	46973	6	8	44028	45520
37211	48355	47612	46357	7	48929	50933	49753	52507	45518	53502	43820	51722	44026	53212	44501	46819	7	4	43936	45638
37271	47961	47036	46215	4	48060	50669	50029	52284	45314	53260	43833	51418	43513	52668	44026	46536	4	7	43572	45437
37331	47919	47129	45855	5	48029	50433	49591	51579	45489	52731	43683	51085	43389	52634	44065	46163	4	8	43146	45218
37391	47511	46999	45694	6	47888	50134	49249	51552	44959	52533	42923	50730	42924	52228	43751	45795	5	5	43035	44789
37451	47503	46376	45399	5	47255	49662	48921	51186	44765	51861	42931	50350	42857	51742	43398	45612	7	8	42814	44304
37511	47351	46124	45281	6	47569	49396	48667	50777	44570	51519	42790	49803	43116	51569	43170	45171	6	4	42632	43982
37571	47056	46386	44830	6	47137	49160	48316	50947	44413	51526	42455	49677	42452	51127	43119	45118	7	8	42454	44361
37631	46675	45898	45180	6	47057	49287	48313	50162	44021	51316	42112	49452	42807	50980	42894	44998	7	5	42368	44002
37691	46783	46017	44957	7	47144	48702	47936	49898	44359	50998	42092	49156	42456	50716	42902	44878	9	4	42131	43702
37751	46709	45910	44317	5	46751	48568	47815	49749	43906	50649	41876	48837	42286	50138	42641	44733	3	4	41959	43577
37811	46619	45547	44680	8	46579	48620	47671	49294	43602	50664	41761	48795	41970	50286	42334	44779	9	8	41801	43357
37871	46712	45769	44417	6	46054	48407	47401	49679	43660	50268	41708	48811	42209	50358	41890	44470	10	3	42223	43197
37931	46393	45679	44179	8	46059	48292	47566	49128	43757	49999	41912	48554	42097	50036	42273	44612	1	6	41685	43504
37991	46314	45444	44265	6	46450	48143	47466	49478	43815	50344	41502	48100	41805	50030	41963	43899	2	5	41696	43226
38051	46268	45230	44134	6	46295	48216	47439	49367	43257	49871	41393	48364	41689	49798	41965	44286	5	5	41512	42965
38111	46253	45347	44254	7	46111	48055	47203	49266	43652	49554	41501	48486	41751	49579	42005	44116	6	6	41723	43024
38171	46104	44961	44276	5	46158	47776	47209	49238	43438	49555	41385	48112	41497	49400	42235	43823	5	6	41676	42849
38231	45856	45102	44229	7	45738	47521	47012	48983	43480	49597	41350	47940	41943	49322	41839	43698	8	5	41108	42806
38291	45922	45254	44167	10	45526	47412	46723	48723	43389	49152	41193	47961	41749	49444	41806	43844	3	8	41680	42688
38351	46000	44754	44202	2	45648	47533	46762	48985	43154	49323	41147	47737	41602	48996	41851	43663	6	5	41414	42638
38411	45836	44937	43894	5	45888	47479	47078	48828	43316	49085	41145	47778	41520	48856	41783	43900	4	3	41193	42624
38471	46152	45052	43948	5	45749	47359	46762	48697	43172	49349	41292	47829	41564	49138	41408	43680	8	4	41310	42275
38531	45821	44994	44040	6	45536	47242	46778	48767	43168	48986	41328	47605	41343	48683	41570	43621	6	4	41235	42819
38591	46029	45043	44035	4	45974	47555	46973	48648	43332	49438	41106	47676	41520	49110	41234	43573	4	4	40865	42736
38651	45724	44990	43939	6	45612	47237	47061	48682	42908	48951	40958	47805	41464	48832	41584	43535	6	8	41277	42282
38711	46017	44760	43629	8	45855	47248	46586	48789	43326	48862	40955	47687	41609	48724	41734	43360	9	9	41145	42525
38771	45933	44687	43914	6	45503	47067	46856	48429	42862	49314	40933	47511	41488	48750	41457	43401	4	4	40930	42718
38831	45659	44822	43549	8	45775	47233	46657	48378	43247	48693	41037	47617	41666	49098	41654	43618	3	7	41238	42774
38891	45683	44577	44209	6	45648	47181	46692	48578	42982	48899	41122	47483	41477	48919	41725	43335	9	3	40918	42246
38951	45662	44972	43829	7	45420	47417	46714	48305	42707	48907	40792	47542	41236	48828	41326	43585	7	6	41332	42630
39011	45765	44577	43841	8	45658	47174	46899	48617	43113	48895	40687	47383	41452	48717	41455	43601	5	4	41117	42477
39071	45597	44921	43966	8	45632	47446	46377	48451	42781	48893	40888	47439	41436	48862	41466	43067	9	6	40984	42615
39131	45858	44703	43397	6	45492	47346	46449	48324	43017	49039	40908	47679	41532	48911	41467	43531	5	6	41076	42442
39191	45717	44818	43826	5	45773	47162	46705	48522	42931	48982	40760	47390	41364	48533	41302	43556	6	4	41070	42421
39251	45727	44583	43657	7	45664	47129	46524	48455	42877	48662	40935	47153	41222	48455	41605	43401	9	3	41246	42654
39311	45640	44903	43915	6	45622	47097	46365	48711	42919	48529	41134	47363	41499	48502	41660	43280	4	5	41153	42379
39371	45887	44912	44106	8	45595	47039	46693	48064	42708	48470	41073	47378	41196	48739	41374	43667	4	5	41388	42715
39431	45713	44675	43877	3	45397	47248	46363	48390	42811	48722	41084	47336	41575	48320	41283	43663	6	7	40989	42669
39491	45718	44579	43763	8	45645	47264	46585	48431	43104	48476	40862	47292	41250	48605	41281	43408	9	6	41114	42545
39551	46268	44807	43911	9	45640	47143	46255	48390	43134	48650	40899	47510	41149	48755	41508	43412	7	8	41034	42415
39611	45552	44660	44062	7	45649	47074	46781	48541	42903	49015	41047	47764	41591	48545	41512	43336	5	0	41107	42782
39671	46054	44759	43874	5	45005	46888	46626	48676	42921	48555	40759	47206	41335	48543	41508	43336	6	5	40898	42448
39731	45801	44536	44104	7	45283	47056	46600	48399	43034	48745	41055	47525	41501	48694	41526	43521	6	4	41062	42519
39791	45838	44787	43612	11	45166	47133	46388	48493	43177	48614	41020	47586	41365	48588	41423	43532	5	6	41186	42806
39851	45739	44507	43866	9	45131	47095	46439	48292	42797	48775	40908	47511	41422	48562	41143	43164	7	8	41165	42784
39911	45612	44623	43813	9	44899	46807	46415	48181	42435	48480	41041	47391	41339	48907	41487	43215	2	4	41169	42346
39971	45962	44945	43962	9	44819	47111	46705	48568	42839	48883	40953	47476	41166	48568	41527	43521	8	5	41254	42267
40031	46075	44646	43672	3	45285	46975	46898	48269	42897	48620	40989	47071	41426	48746	41178	43527	3	3	41085	42742
40091	46031	44840	43938	4	45451	46961	46723	48736	42762	48440	40892	47390	41470	48612	41358	43526	6	6	41048	42674
40151	46012	44708	43594	5	45048	46938	46279	48297	43052	48807	40826	47267	41389	48353	41246	43645	5	3	41129	42588
40211	45760	44653	43685	7	44920	47039	46509	48304	43002	48739	40822	47173	41310	48429	41240	43348	7	6	41285	42580
40271	45546	44692	43700	4	45245	46814	46377	48419	42976	48534	40954	47164	41495	48688	41455	43569	8	2	40789	42693
40331	45892	44761	43846	6	45355	47053	46391	48019	42987	48474	40908	47199	41484	48492	41669	43010	5	6	41248	42606
40391	45611	44753	43954	6	45141	46896	46460	48265	42868	48543	40906	47273	41523	48814	41483	43303	9	9	41137	42657
40451	45870	44765	43931	7	45316	47143	46302	48035	43150	48518	41054	47209	41413	48249	41261	43830	7	5	41287	42497
40511	45791	44514	44043	6	45454	47233	46657	48130	42745	48527	41001	47333	41624	48683	41484	43526	5	2	41162	42544
40571	45875	44742	43718	6	45372	47061	46576	48324	42824	48789	40779	47183	41384	48684	41326	43367	3	6	41144	42704
40631	45637	44796	44157	8	45505	46784	46760	48532	42903	48838	40845	47164	41315	48547	41605	43410	6	5	41159	42515
40691	45903	44833	43920	2	45073	46799	46648	48492	42933	48382	40924	47230	41410	48390	41786	43565	3	6	41058	42707
40751	45784	45061	43862	6	44779	47128	46057	48403	42734	48765	41079	47173	41217	48569	41448	43427	8	6	41175	42543
40811	45907	44967	44151	10	45172	47104	46588	48366	43033	48580	40978	47243	41642	48846	41522	43414	7	6	41304	42435
40871	46143	44684	43726	4	45315	47181	46183	48553	43127	48786	41095	47589	41702	48542	41620	43575	5	0	41142	42792
40931	45611	45076	44271	4	45055	46934	46458	47998	42890	48542	40943	47105	41985	48262	41633	43731	4	6	41143	42833
40991	45815	44925	43802	9	45099	47114	46834	48170	42887	48256	41011	47201	41683	48633	41535	43760	5	7	41132	42960
41051	45779	44686	44216	5	45585	47443	46416	48531	43400	48724	41094	47384	41595	48689	41551	43620	3	6	41433	42679
41111	45883	44970	43884	8	45322	47060	46719	48242	42957	48858	41096	47155	41449	48579	41409	43632	2	5	41035	42419
41171	45850	44791	43999	6	45084	47375	46654	48254	42926	48702	40820	47179	41218	48762	41668	43647	5	6	41234	42558
41231	45624	44797	43992	6	45191	47070	46753	48377	42969	48767	41251	47549	41308	48462	41628	43290	7	9	41237	42811
41291	45930	44796	43885	9	45430	47083	46281	48263	43021	48671	40871	47186	41737	48236	41489	43671	8	7	41428	42702
41351	45913	44865	43991	4	45544	47239	46456	48596	43333	48005	41018	47283	41689	48470	41434	43501	4	5	41380	42711
41411	45918	45154	43850	6	45359	46752	46377	48330	43030	48381	41385	47378	41626	48366	41562	43483	3	3	41179	42496
41471	46026	44907	44019	3	45483	47130	46613	48463	42998	48706	41006	47388	41460	48463	41709	43557	5	3	41229	42955
41531	46022	44761	44022	3	45123	47049	46284	48262	43012	48893	40975	47429	41750	48715	41485	43334	4	6	41378	42608
41591	46207	44845	44108	8	45345	47138	46739	48307	43076	48628	41214	47167	41528	48859	41763	43363	3	2	40993	42466
41651	45693	45075	43875	8	45239	47294	46310	48306	42958	48578	41153	47395	41658	48625	41361	43481	5	8	41334	42831
41711	45660	44801	44110	5	45198	47253	46731	48188	43259	48649	41114	47461	41585	48648	41677	43586	6	5	41182	43056
41771	46010	45074	44065	5	45048	47061	46591	48317	42869	48538	41309	47322	41419	48499	41703	43432	4	4	41383	42789
41831	46311	44944	44350	6	45222	47272	46831	48373	42875	48829	41227	47169	41560	48505	41784	43720	5	3	41365	42542
41891	46174	44849	43989	3	45189	47078	46428	48388	43254	48803	41028	47431	41566	48665	41828	43514	7	6	41723	43064
41951	45970	45301	44368	5	45256	47203	46994	48248	42941	49102	41249	47360	41718	48513	41909	43509	2	4	41373	42553
42011	46202	45133	44274	5	45111	47014	46625	48437	42946	48703	41267	47017	41734	48544	41743	43993	5	4	41683	43011
0																				
0																				
0																				
0																				
0																				
0																				
0																				
0																				
0																				
0																				
0																				
0																				
0																				
0																				
0																				
0																				
0																				
0																				
0																				
0																				
0																				
0																				
0																				
0																				
0																				
0																				
0																				
0																				
0																				
0																				
0																				
0																				
0																				
0																				
0																				
0																				
0																				
0																				
0																				
0																				
0																				
0																				
0																				
0																				
0																				
0																				
0																				
0																				
0																				
0																				
0																				
0																				
0																				
0																				
0																				
0																				
0																				
0																				
0																				
0																				
0																				
0																				
0																				
0																				
0																				
0																				
0																				
0																				
0																				
0																				
0																				
0																				
0																				
0																				
0																				
0																				
0																				
0																				
0																				
0																				
0																				
0																				
0																				
0																				
0																				
0																				
0																				
0																				
0																				
0																				
0																				
0																				
0																				
0																				
0																				
0																				
0																				
0																				
0																				
0																				
0																				
0																				
0																				
0																				
0																				
0																				
0																				
0																				
0																				
0																				
0																				
0																				
0																				
0																				
0																				
0																				
0																				
0																				
0																				
0																				
0																				
0																				
0																				
0																				
0																				
0																				
0																				
0																				
0																				
0																				
0																				
0																				
0																				
0																				
0																				
0																				
0																				
0																				
0																				
0																				
0																				
0																				
0																				
0																				
0																				
0																				
0																				
0																				
0																				
0																				
0																				
0																				
0																				
0																				
0																				
0																				
0																				
0																				
0																				
0																				
0																				
0																				
0																				
0																				
0																				
0																				
0																				
0																				
0																				
0																				
0																				
0																				
0																				
0																				
0																				
0																				
0																				
0																				
0																				
0																				
0																				
0																				
0																				
0																				
0																				
0																				
0																				
0																				
0																				
0																				
0																				
0																				
0																				
0																				
0																				
0																				
0																				
0																				
0																				
0																				
0																				
0																				
0																				
0																				
0																				
0																				
0																				
0																				
0																				
0																				
0																				
0																				
0																				
0																				
0																				
0																				
0																				
0																				
0																				
0																				
0																				
0																				
0																				
0																				
0																				
0																				
0																				
0																				
0																				
0																				
0																				
0																				
0																				
0																				
0																				
0																				
0																				
0																				
0																				
0																				
0																				
0																				
0																				
0																				
0																				
0																				
0																				
0																				
0																				
0																				
0																				
0																				
0																				
0																				
0																				
0																				
0																				
0																				
0																				
0																				
0																				
0																				
0																				
0																				
0																				
0																				
0																				
0																				
0																				
0																				
0																				
0																				
0																				
0																				
0																				
0																				
0																				
0																				
0																				
0																				
0																				
0																				
0																				
0																				
0																				
0																				
0																				
0																				
0																				
0																				
0																				
0																				
0																				
0																				
0																				
0																				
0																				
0																				
0																				
0																				
0																				
0																				
0																				
0																				
0																				
0																				
0																				
0																				
0																				
0																				
0																				
0																				
0																				
0																				
0																				
0																				
0																				
0																				
0																				
0																				
0																				
0																				
0																				
0																				
0																				
0																				
0																				
0																				
0																				
0																				
0																				
0																				
0																				
0																				
0																				
0																				
0																				
0																				
0																				
0																				
0																				
0																				
0																				
0																				
0																				
0																				
0																				
0																				
0																				
0																				
0																				
0																				
0																				
0																				
0																				
0																				
0																				
0																				
0																				
0																				
0																				
0																				
0																				
0																				
0																				
0																				
0																				
0																				
0																				
0																				
0																				
0																				
0																				
0																				
0																				
0																				
0																				
0																				
0																				
0																				
0																				
0																				
0																				
0																				
0																				
0																				
0																				
0																				
0																				
0																				
0																				
0																				
0																				
0																				
0																				
0																				
0																				
0																				
0																				
0																				
0																				
0																				
0																				
0																				
0																				
0																				
0																				
0																				
0																				
0																				
0																				
0																				
0																				
0																				
0																				
0																				
0																				
0																				
0																				
0																				
0																				
0																				
0																				
0																				
0																				
0																				
0																				
0																				
0																				
0																				
0																				
0																				
0																				
0																				
0																				
0																				
0																				
0																				
0																				
0																				
0																				
0																				
0																				
0																				
0																				
0																				
0																				
0																				
0																				
0																				
0																				
0																				
0																				
0																				
0																				
0																				
0																				
0																				
0																				
0																				
0																				
0																				
0																				
0																				
0																				
0																				
0																				
0																				
0																				
0																				
0																				
0																				
0																				
0																				
0																				
0																				
0																				
0																				
0																				
0																				
0																				
0																				
0																				
0																				
0																				
0																				
0																				
0																				
0																				
0																				
0																				
0																				
0																				
0																				
0																				
0																				
0																				
0																				
0																				
0																				
0																				
0																				
0																				
0																				
0																				
0																				
0																				
0																				
0																				
0																				
0																				
0																				
0																				
0																				
0																				
0																				
0																				
0																				
0																				
0																				
0																				
0																				
0																				
0																				
0																				
0																				
0																				
0																				
0																				
0																				
0																				
0																				
0																				
0																				
0																				
0																				
0																				
0																				
0																				
0																				
0																				
0																				
0																				
0																				
0																				
0																				
0																				
0																				
0																				
0																				
0																				
0																				
0																				
0																				
0																				
0																				
0																				
0																				
0																				
0																				
0																				
0																				
0																				
0																				
0																				
0																				
0																				
0																				
0																				
0																				
0																				
0																				
0																				
0																				
0																				
0																				
0																				
0																				
0																				
0																				
0																				
0																				
0																				
0																				
0																				
0																				
0																				
0																				
0																				
0																				
0																				
0																				
0																				
0																				
0																				
0																				
0																				
0																				
0																				
0																				
0																				
0																				
0																				
0																				
0																				
0																				
0																				
0																				
0																				
0																				
0																				
0																				
0																				
0																				
0																				
0																				
0																				
0																				
0																				
0																				
0																				
0																				
0																				
0																				
0																				
0																				
0																				
0																				
0																				
0																				
0																				
0																				
0																				
0																				
0																				
0																				
0																				
0																				
0																				
0																				
0																				
0																				
0																				
0																				
0																				
0																				
0																				
0																				
0																				
0																				
0																				
0																				
0																				
0																				
0																				
0																				
0																				
0																				
0																				
0																				
0																				
0																				
0																				
0																				
0																				
0																				
0																				
0																				
0																				
0																				
0																				
0																				
0																				
0																				
0																				
0																				
0																				
0																				
0																				
0																				
0																				
0																				
0																				
0																				
0																				
0																				
0																				
0																				
0																				
0																				
0																				
0																				
0																				
0																				
0																				
0																				
0																				
0																				
0																				
0																				
0																				
0																				
0																				
0																				
0																				
0																				
0																				
0																				
0																				
0																				
0																				
0																				
0																				
0																				
0																				
0																				
0																				
0																				
0																				
0																				
0																				
0																				
0																				
0																				
0																				
0																				
0																				
0																				
0																				
0																				
0																				
0																				
0																				
0																				
0																				
0																				
0																				
0																				
0																				
0																				
0																				
0																				
0																				
0																				
0																				
0																				
0																				
0																				
0																				
0																				
0																				
0																				
0																				
0																				
0																				
0																				
0																				
0																				
0																				
0																				
0																				
0																				
0																				
0																				
0																				
0																				
0																				
0																				
0																				
0																				
0																				
0																				
0																				
0																				
0																				
0																				
0																				
0																				
0																				
0																				
0																				
0																				
0																				
0																				
0																				
0																				
0																				
0																				
0																				
0																				
0																				
0																				
0																				
0																				
0																				
0																				
0																				
0																				
0																				
0																				
0																				
0																				
0																				
0																				
0																				
0																				

