
Time	I7	I8	I9	I10	J7	J8	J9	J10	K7	K8	K9	K10	L7	L8	L9	L10	M7	M8	M9	M10	N7	N8	N9	N10
0	822	877	902	900	880	840	889	890	846	867	938	877	828	858	902	862	869	917	867	837	815	828	921	901
60	813	862	895	928	854	840	914	856	834	890	929	891	849	855	926	857	851	855	861	876	824	833	868	872
120	845	850	860	902	841	872	899	844	845	870	909	914	805	827	932	846	837	864	867	855	822	802	882	870
180	802	860	872	894	901	855	918	887	879	871	921	922	794	798	933	857	827	898	850	832	827	827	887	880
240	832	800	887	878	831	854	913	871	851	850	898	897	849	830	904	845	826	832	868	861	790	807	841	871
300	812	848	899	882	854	866	909	838	872	871	889	868	813	868	868	886	831	841	876	829	779	800	856	827
360	798	827	861	889	848	827	908	877	797	882	910	910	792	833	881	849	831	838	866	828	789	792	843	833
420	805	844	864	888	829	845	875	858	853	872	860	869	780	830	867	863	833	809	842	813	818	786	834	847
480	811	803	879	887	869	831	863	850	858	834	847	887	804	815	846	844	807	843	843	836	806	794	824	847
540	807	801	856	888	836	831	858	853	837	823	874	888	786	803	877	833	828	794	811	829	803	743	823	845
600	820	781	849	853	812	850	880	836	838	853	890	871	786	803	872	851	827	760	836	816	782	797	828	832
660	796	802	846	891	795	848	929	849	834	849	846	866	801	807	863	840	813	786	820	845	809	785	806	842
720	768	806	856	871	813	853	840	860	828	832	838	857	790	789	860	829	830	803	860	794	754	756	791	830
780	791	788	845	870	822	831	864	842	845	841	871	883	799	799	889	808	803	799	835	875	799	776	828	866
840	751	813	846	841	794	821	874	807	841	816	862	880	775	769	834	824	803	809	828	832	778	753	811	839
900	765	817	863	873	795	799	885	839	813	800	873	845	800	818	848	843	773	772	787	794	782	767	822	793
960	769	790	848	831	797	825	856	792	788	811	861	851	773	792	857	809	793	800	828	810	784	773	813	800
1020	777	789	860	832	787	784	872	859	795	821	849	846	782	738	873	820	769	776	833	834	779	760	828	826
1080	767	819	855	853	795	824	822	797	791	789	851	846	788	781	841	810	763	801	839	816	751	758	846	830
1140	742	790	866	832	816	811	863	819	800	785	821	872	782	781	861	805	778	820	843	826	777	755	807	824
1200	784	779	854	821	790	800	845	825	798	803	855	823	762	760	851	825	814	783	844	808	751	776	817	806
1260	742	816	841	838	802	792	845	818	823	802	831	847	728	752	835	823	769	759	845	792	756	741	803	806
2947	712	739	873	816	779	768	856	820	779	790	831	864	791	759	859	818	800	780	817	817	783	721	854	825
3007	719	757	858	822	797	735	837	812	803	756	854	848	768	761	855	790	751	769	825	814	739	747	820	817
3067	725	723	821	836	758	754	856	815	758	755	847	843	758	724	854	775	767	742	853	814	750	734	817	793
3127	692	725	849	829	750	749	854	795	741	777	838	834	721	741	821	806	739	770	828	809	745	697	807	811
3187	706	729	824	798	741	771	831	794	770	740	837	833	733	732	847	787	732	723	810	763	739	714	776	748
3247	707	721	827	822	742	736	800	780	726	765	807	829	733	746	832	774	709	723	805	795	725	671	758	799
3307	716	720	804	822	736	736	804	765	740	756	843	814	724	720	818	758	730	734	783	754	704	675	791	771
3367	711	755	801	789	733	736	812	764	740	714	802	786	737	703	808	755	722	719	772	799	699	683	769	744
3427	699	722	808	787	713	730	814	790	719	747	826	791	738	742	763	754	738	724	790	742	713	680	756	746
3487	669	739	775	794	740	706	835	789	727	736	808	800	744	656	764	753	699	715	785	754	723	692	751	728
3547	664	691	780	757	724	734	799	757	683	733	808	788	726	738	804	773	746	699	761	773	719	691	734	752
3607	664	728	775	775	719	707	782	756	737	730	765	791	705	707	768	748	697	701	766	757	713	665	728	745
3667	706	719	804	745	708	739	782	742	711	729	805	799	692	686	789	773	688	686	731	690	677	684	757	753
3727	684	731	751	773	704	698	773	794	698	716	822	791	722	659	776	746	708	722	756	753	737	622	782	741
3787	639	695	778	758	728	707	805	745	704	707	792	756	710	689	743	751	681	690	732	750	704	661	746	720
3847	658	731	776	745	723	718	792	747	724	717	774	791	696	675	801	740	693	703	755	742	705	644	731	717
3907	687	706	774	779	713	720	775	739	712	689	787	799	708	697	778	717	710	681	782	757	677	663	753	751
3967	676	691	750	751	717	707	793	729	685	732	779	783	688	672	784	714	700	716	741	753	675	662	731	718
4027	678	693	750	745	671	720	774	738	729	693	778	758	665	685	767	729	696	721	723	739	690	656	738	715
4087	702	711	756	757	696	720	785	756	696	703	779	791	695	710	724	722	704	675	736	747	687	680	737	704
4147	628	710	765	756	681	702	737	737	692	741	766	782	712	687	755	713	673	692	742	687	688	652	764	692
4207	682	682	751	737	685	722	777	734	680	702	758	791	684	658	785	708	668	687	722	711	666	686	735	692
4267	645	694	751	744	683	705	769	762	696	705	771	756	692	685	773	716	665	668	745	721	677	661	746	725
4327	678	692	758	747	700	714	759	735	702	714	775	774	706	685	771	741	671	696	735	703	697	655	768	719
5102	5760	1218	3808	1159	957	874	1022	914	813	857	940	889	1501	749	1290	888	911	878	905	882	859	961	842	920
5162	5881	1223	3924	1147	959	869	1028	916	839	844	906	909	1602	738	1303	855	875	853	915	914	811	931	850	942
5222	6011	1247	4020	1106	941	928	1017	937	811	830	909	889	1628	748	1353	841	864	875	924	901	807	972	841	956
5282	6202	1204	4118	1094	953	875	1001	926	844	857	945	840	1678	760	1406	837	895	886	912	894	821	992	834	943
5342	6584	1219	4301	1114	959	897	998	906	816	794	882	874	1773	747	1433	839	891	875	905	891	828	983	845	942
5402	6869	1213	4356	1165	970	875	1031	899	822	832	909	890	1889	742	1438	838	889	879	905	881	820	1009	829	977
5462	7103	1222	4618	1139	967	848	1005	866	806	830	881	849	1989	753	1495	800	887	862	915	873	815	1041	815	964
5522	7719	1216	4842	1115	925	870	973	860	822	813	894	833	2122	752	1602	769	858	875	885	866	795	1071	808	949
5582	8133	1276	5161	1172	958	864	999	880	835	826	890	858	2264	746	1703	782	853	869	867	882	812	1075	828	990
5642	8681	1276	5532	1180	980	891	1021	869	797	816	908	840	2425	744	1786	801	850	878	898	855	814	1102	849	971
5702	9367	1304	5972	1186	963	849	1022	882	786	844	887	849	2616	739	1864	781	852	852	877	890	834	1161	819	979
5762	9971	1310	6418	1203	948	869	1021	881	787	823	874	841	2914	721	1981	773	856	900	877	850	814	1211	844	1032
5822	10813	1377	6871	1174	947	888	982	892	780	813	902	847	3096	736	2188	764	872	877	867	871	836	1240	828	1033
5882	11504	1365	7394	1225	979	870	971	855	831	823	859	846	3349	709	2342	805	862	899	873	871	834	1233	804	1057
5942	12419	1410	7974	1241	1007	887	1008	865	787	794	896	846	3718	728	2512	786	861	892	874	891	831	1337	825	1092
6002	13287	1422	8616	1255	1002	873	1015	872	800	813	901	849	3930	711	2666	790	837	908	884	902	821	1441	830	1150
6062	14386	1463	9330	1262	987	878	1060	877	836	789	887	830	4266	752	2876	775	891	945	873	887	821	1475	804	1172
6122	15489	1525	9979	1304	974	879	1073	940	838	823	880	862	4657	723	3168	792	886	925	900	951	854	1491	845	1173
6182	16535	1527	10774	1351	1044	879	1032	900	818	847	882	857	4942	719	3331	795	870	976	875	926	886	1550	815	1204
6242	17802	1559	11436	1327	1019	889	1031	879	837	803	924	813	5328	715	3532	757	919	958	882	926	885	1630	880	1223
6302	18857	1600	12238	1348	1082	888	1070	914	826	829	906	845	5673	734	3896	776	885	974	923	952	869	1740	815	1259
6362	19956	1660	13080	1382	1027	916	1086	921	826	835	893	853	6163	720	4146	748	904	1023	893	958	903	1756	842	1260
6422	21345	1743	13798	1420	1040	901	1063	919	854	834	901	822	6578	708	4378	802	907	976	874	928	918	1843	843	1333
6482	22600	1725	14684	1446	1064	891	1123	884	833	851	877	856	6960	726	4637	769	919	1032	886	961	910	1931	855	1364
6542	23805	1749	15421	1452	1102	918	1082	918	853	817	886	821	7370	715	4894	766	922	1044	894	992	967	2010	884	1404
6602	25372	1828	16410	1488	1117	946	1136	935	843	812	904	848	7972	722	5228	767	932	1049	920	974	925	2079	872	1423
6662	26619	1853	17260	1533	1107	918	1115	931	830	830	890	835	8416	766	5506	786	954	1040	933	982	929	2173	858	1468
6722	28059	1895	18166	1507	1120	920	1143	934	839	851	881	852	8830	732	5909	805	930	1043	944	990	948	2244	850	1524
6782	29535	1960	19044	1571	1134	928	1132	907	854	843	890	844	9353	742	6252	777	939	1065	933	1013	989	2306	872	1559
6842	31011	1971	19979	1569	1154	953	1162	923	870	852	931	857	9953	769	6436	799	972	1111	944	1026	982	2399	878	1560
6902	32191	2050	20695	1652	1155	961	1162	949	843	833	924	856	10374	745	6788	775	977	1111	921	1074	985	2454	879	1628
6962	33346	2097	21778	1673	1190	961	1194	928	877	857	903	837	10945	767	7170	807	985	1156	975	1040	1020	2541	894	1618
7022	34989	2147	22545	1720	1192	990	1220	986	872	858	926	838	11510	754	7376	796	1013	1161	977	1063	1006	2586	888	1740
7082	36340	2235	23416	1729	1182	969	1231	940	931	912	931	836	11973	754	7747	795	1020	1174	988	1060	1041	2673	896	1757
7142	37456	2249	24314	1737	1192	980	1213	969	859	891	942	893	12505	760	8003	817	999	1207	977	1091	1058	2878	919	1755
7202	38502	2280	25014	1782	1235	972	1240	987	892	875	958	883	13045	751	8337	803	1020	1228	978	1082	1018	2887	945	1797
7262	40334	2338	25890	1809	1275	999	1278	979	884	885	960	881	13604	764	8721	799	1001	1245	971	1127	1060	2991	920	1834
7322	41253	2500	26725	1836	1255	976	1278	1016	916	854	961	885	14098	767	8977	814	1003	1253	978	1105	1088	3098	929	1935
7382	42873	2467	27533	1838	1245	1021	1270	969	908	875	961	862	14509	756	9299	825	1035	1250	987	1116	1084	3161	934	1864
7442	44040	2492	28510	1937	1287	1007	1305	997	907	933	933	906	15214	748	9613	800	1037	1280	988	1139	1106	3280	923	1973
7502	45262	2559	29314	1947	1302	1036	1281	998	910	892	937	893	15653	737	9942	799	1034	1307	1001	1122	1097	3391	924	2022
7562	46174	2651	29857	1992	1338	1028	1317	1013	909	893	968	891	16287	776	10244	819	1049	1316	1012	1182	1139	3407	928	2007
7622	47397	2674	30925	2006	1319	1022	1353	1006	920	909	935	898	16865	749	10669	794	1041	1315	1012	1159	1115	3567	986	2118
7682	48660	2746	31221	2063	1359	1044	1333	1008	948	885	990	902	17367	769	11041	802	1069	1349	989	1162	1130	3670	968	2098
7742	49627	2833	32233	2077	1389	1032	1347	986	919	924	1015	887	17868	802	11316	821	1064	1393	1024	1216	1172	3796	985	2155
7802	50272	2873	33141	2091	1422	1033	1346	1028	944	921	982	886	18344	768	11668	816	1110	1389	1051	1189	1223	3895	943	2265
7862	51332	2978	33761	2094	1426	1072	1404	1022	959	948	984	904	18927	759	11824	817	1085	1439	1047	1243	1177	3901	974	2297
7922	52444	2988	34510	2211	1383	1025	1418	1055	966	920	1002	875	19440	796	12071	810	1064	1457	1030	1263	1223	3937	974	2289
7982	52986	2992	34920	2223	1430	1074	1406	1048	1018	928	993	935	20227	748	12531	822	1150	1450	1058	1219	1199	4127	1008	2332
8042	54095	3163	35624	2222	1440	1090	1423	1053	991	931	988	921	20448	762	12805	854	1088	1452	1084	1268	1213	4186	1014	2320
8102	54860	3185	36420	2254	1519	1059	1442	1046	953	928	991	916	21056	794	13169	817	1135	1480	1065	1235	1222	4298	1003	2386
8162	55526	3245	37040	2330	1468	1123	1473	1073	969	982	1016	888	21681	763	13234	829	1136	1536	1058	1267	1238	4388	1075	2410
8222	56233	3325	37735	2339	1495	1108	1495	1066	1007	941	1016	886	22007	799	13681	811	1150	1547	1100	1277	1262	4481	1016	2502
8282	57297	3419	38163	2375	1496	1122	1457	1069	1023	904	995	915	22715	802	13923	838	1153	1566	1073	1273	1272	4623	1038	2533
8342	57582	3364	38793	2384	1521	1136	1513	1128	1003	986	1025	925	23056	779	14163	832	1172	1568	1046	1305	1274	4771	1044	2538
8402	57957	3498	39440	2440	1520	1128	1561	1081	1012	970	1016	920	23649	817	14385	841	1203	1621	1082	1332	1298	4843	1015	2619
8462	58222	3563	40127	2451	1536	1140	1535	1108	1014	950	1014	913	24168	807	14759	834	1157	1633	1080	1294	1279	4917	1004	2671
8522	58745	3618	40730	2520	1542	1162	1542	1102	1015	956	1056	923	24818	821	15042	814	1176	1558	1105	1321	1317	4956	1050	2680
8582	58811	3642	40963	2528	1591	1170	1557	1081	1026	1002	1041	919	25114	818	15337	834	1203	1670	1104	1382	1304	5147	1021	2758
8642	59341	3763	41620	2593	1604	1177	1540	1113	992	930	1052	904	25659	800	15491	832	1237	1700	1123	1366	1344	5164	1064	2786
8702	59933	3754	42148	2574	1677	1191	1569	1106	1047	987	1037	909	26155	806	15899	818	1248	1719	1103	1385	1379	5314	1101	2803
8762	59981	3861	42742	2654	1679	1183	1599	1121	1066	990	1111	929	26521	793	16004	840	1254	1710	1117	1394	1397	5408	1055	2851
8822	60102	3945	43166	2652	1694	1180	1631	1121	1019	979	1075	961	26911	800	16401	855	1260	1743	1141	1405	1392	5475	1108	2905
8882	60470	4035	43612	2681	1735	1221	1642	1139	1032	1003	1047	932	27631	795	16525	833	1256	1753	1126	1422	1402	5604	1102	2928
8942	60550	4155	43984	2733	1670	1215	1654	1160	1033	1027	1047	957	28157	796	16861	838	1265	1753	1166	1424	1371	5772	1099	3018
9002	60520	4141	44494	2783	1751	1216	1699	1143	1066	1015	1071	955	28526	785	17085	854	1296	1796	1170	1478	1449	5786	1109	2989
9062	60790	4179	44905	2824	1734	1215	1719	1149	1082	1009	1086	928	29026	821	17385	856	1306	1838	1154	1468	1450	5809	1085	2999
9122	60659	4261	45660	2844	1760	1240	1724	1171	1081	1024	1049	924	29558	817	17543	824	1260	1824	1167	1480	1447	6000	1097	3086
9182	60950	4307	45754	2871	1751	1217	1712	1141	1092	1040	1071	948	30119	845	17676	877	1303	1871	1166	1463	1431	6089	1106	3176
9242	60704	4418	46403	2900	1789	1258	1729	1175	1122	1030	1080	938	30224	807	17974	845	1300	1828	1165	1539	1461	6194	1121	3197
9302	61017	4462	46388	2928	1766	1284	1748	1197	1113	998	1095	946	30900	816	18185	885	1322	1887	1206	1455	1519	6288	1127	3262
9362	60917	4499	47336	2977	1823	1225	1750	1164	1107	1070	1038	948	31657	808	18467	845	1316	1915	1182	1492	1472	6389	1138	3197
9422	61188	4594	47329	2976	1860	1246	1802	1187	1099	1040	1071	921	32079	826	18660	823	1341	1954	1185	1522	1491	6444	1125	3267
9482	61301	4635	47689	3118	1865	1264	1746	1223	1091	1054	1084	924	32611	827	19011	871	1335	1926	1195	1513	1565	6538	1165	3366
9542	60936	4740	48204	3048	1880	1252	1816	1199	1088	1041	1096	1001	32740	807	19104	874	1321	1963	1223	1537	1557	6740	1146	3413
9602	61238	4772	48652	3081	1913	1286	1785	1197	1140	1070	1105	965	32996	834	19254	875	1364	2021	1238	1577	1584	6844	1161	3443
9662	60889	4842	48897	3145	1956	1306	1853	1202	1085	1044	1154	967	33559	823	19464	869	1384	1993	1236	1566	1584	6868	1160	3434
9722	61204	4968	49192	3165	1940	1282	1818	1193	1134	1096	1107	987	34214	850	19837	861	1353	2040	1246	1577	1553	6915	1146	3427
9782	61262	4960	49402	3164	1959	1322	1850	1236	1126	1064	1114	995	34288	824	20070	878	1410	2035	1218	1657	1557	7060	1201	3543
9842	61436	5041	49987	3208	1956	1319	1832	1227	1153	1132	1113	967	34858	886	20197	876	1386	2131	1199	1639	1608	7158	1171	3572
9902	61414	5104	50179	3319	1959	1283	1896	1246	1127	1060	1121	959	35400	847	20349	880	1400	2112	1239	1658	1628	7296	1175	3602
9962	61500	5216	50703	3269	1973	1340	1898	1267	1198	1100	1137	984	35684	866	20654	895	1425	2131	1251	1645	1637	7463	1181	3676
10022	61905	5270	50634	3307	2038	1342	1928	1266	1147	1107	1163	978	36238	826	20658	841	1412	2124	1269	1653	1637	7456	1195	3639
10082	61185	5306	50783	3383	1995	1368	1932	1250	1176	1075	1130	1023	36606	862	20923	861	1463	2106	1306	1686	1649	7569	1190	3769
10142	60782	5443	51325	3354	2012	1333	1968	1277	1193	1084	1109	981	36894	858	21147	859	1434	2140	1292	1702	1662	7596	1171	3774
10202	61327	5473	50971	3441	2083	1358	1925	1292	1170	1089	1135	1023	37305	877	21381	870	1482	2220	1285	1652	1693	7802	1224	3792
10262	61279	5504	51788	3466	2066	1406	1959	1278	1176	1060	1133	1010	37994	879	21490	925	1468	2231	1315	1708	1724	7843	1275	3822
10322	61457	5597	52005	3549	2119	1376	1958	1273	1207	1119	1127	983	38306	874	21779	875	1484	2224	1283	1663	1716	8009	1228	3852
10382	61480	5638	51972	3555	2102	1410	2029	1271	1205	1115	1134	984	38313	860	21916	902	1446	2280	1262	1726	1737	8166	1233	3896
10442	61373	5756	52415	3600	2113	1415	1999	1274	1217	1132	1183	982	38939	907	22118	909	1471	2212	1325	1793	1736	8197	1221	3940
10502	61610	5791	52883	3671	2120	1377	1992	1331	1184	1090	1133	995	39686	874	22285	886	1461	2251	1295	1731	1814	8266	1229	3953
10562	61398	5847	52644	3643	2191	1382	2002	1315	1201	1135	1157	991	39845	855	22417	865	1547	2318	1301	1743	1753	8212	1287	4084
10622	61447	5995	52998	3674	2185	1439	2027	1317	1245	1130	1190	1007	40072	878	22544	892	1523	2308	1361	1770	1780	8474	1236	4072
10682	61320	6003	52979	3667	2225	1403	2017	1321	1201	1137	1132	1007	40576	874	22688	879	1530	2340	1324	1772	1795	8589	1262	4071
10742	61141	6107	53194	3785	2271	1431	2072	1335	1221	1146	1162	1010	40974	898	22783	901	1526	2366	1345	1769	1761	8760	1223	4159
10802	61377	6206	53306	3781	2274	1456	2113	1313	1232	1147	1204	995	41537	897	22998	892	1546	2356	1343	1798	1818	8781	1304	4109
10862	61437	6266	53334	3838	2278	1459	2098	1328	1244	1140	1183	1005	41703	866	23221	905	1525	2471	1280	1816	1829	8812	1262	4227
10922	61054	6296	53743	3826	2269	1458	2133	1352	1271	1134	1186	1008	41570	860	23295	896	1571	2486	1340	1812	1832	8989	1269	4201
10982	61427	6357	53808	3893	2333	1509	2117	1363	1272	1166	1201	1001	42283	885	23366	917	1548	2450	1360	1822	1847	8975	1292	4303
11042	61370	6448	54187	3935	2305	1447	2113	1342	1267	1161	1143	1022	42773	866	23809	905	1570	2459	1378	1843	1879	9188	1291	4325
11102	61467	6496	54559	3924	2306	1500	2210	1350	1267	1162	1199	1019	43402	886	23840	889	1585	2467	1369	1861	1886	9207	1324	4336
11162	61285	6648	54736	3948	2352	1504	2169	1358	1270	1166	1224	1014	43429	913	24130	942	1604	2471	1329	1840	1927	9391	1314	4350
11222	61462	6692	54623	4006	2404	1493	2214	1357	1296	1188	1203	1010	44188	890	24321	910	1605	2540	1368	1866	1928	9350	1313	4407
11282	61039	6719	54712	4052	2423	1500	2204	1348	1293	1167	1213	981	44263	896	24414	946	1613	2568	1404	1926	1902	9593	1319	4476
11342	61303	6840	54826	3985	2467	1514	2234	1369	1304	1167	1203	1042	44684	897	24487	908	1617	2550	1394	1937	1937	9633	1324	4493
11402	61323	6801	55391	4118	2417	1492	2264	1362	1316	1139	1227	1047	44747	921	24582	916	1627	2525	1409	1952	1930	9625	1322	4527
11462	61583	7000	55161	4074	2498	1498	2288	1392	1311	1205	1206	1037	45395	918	24824	932	1638	2659	1386	1943	1939	9884	1371	4566
11522	61804	7019	55425	4163	2486	1520	2294	1428	1324	1167	1217	1060	45679	903	24620	907	1663	2627	1401	1982	1989	9958	1344	4679
11582	61419	7155	56007	4133	2516	1548	2272	1393	1333	1198	1213	1034	45850	900	24786	917	1649	2699	1386	1968	1977	10060	1367	4610
11642	61196	7169	55736	4239	2512	1551	2269	1388	1316	1180	1214	1060	46192	904	25035	907	1658	2645	1400	2010	1957	9953	1369	4643
11702	61568	7233	55692	4292	2483	1597	2287	1379	1322	1196	1236	1021	46641	948	25091	926	1635	2720	1415	1959	2001	10112	1324	4802
11762	61169	7260	56099	4307	2508	1568	2320	1443	1295	1209	1290	1051	47097	914	25260	923	1769	2672	1419	1994	2022	10296	1370	4755
11822	61520	7400	56060	4358	2502	1527	2282	1424	1290	1172	1251	1048	47341	906	25660	934	1683	2721	1443	2029	1989	10363	1361	4791
11882	61350	7398	55666	4356	2564	1594	2399	1374	1339	1228	1243	1071	47733	931	25706	936	1730	2768	1476	2046	2037	10564	1364	4827
11942	61633	7451	55839	4339	2552	1567	2331	1401	1326	1188	1243	1054	47867	926	25694	918	1718	2707	1467	2027	2031	10560	1353	4837
12002	61700	7653	56114	4413	2551	1576	2369	1451	1374	1234	1232	1070	48343	912	25886	940	1714	2766	1445	2080	2088	10648	1383	4902
12062	61823	7636	56356	4429	2615	1619	2393	1428	1358	1231	1240	1083	48420	921	25934	952	1695	2840	1474	2064	2080	10839	1416	4893
12122	61891	7708	56165	4512	2625	1615	2384	1403	1337	1241	1276	1045	48740	924	25963	960	1731	2871	1457	2041	2054	10871	1403	4955
12182	61483	7761	56707	4486	2605	1595	2390	1448	1395	1195	1261	1030	49283	932	26129	938	1726	2876	1480	2048	2122	10912	1371	4998
12242	61491	7984	56613	4475	2620	1615	2463	1460	1358	1223	1255	1065	49306	922	26204	945	1767	2914	1516	2114	2133	11127	1481	5077
12302	61220	7926	57027	4578	2667	1620	2418	1462	1346	1250	1268	1091	49489	939	26609	975	1762	2850	1510	2105	2146	11128	1403	5139
12362	61347	8033	56836	4655	2696	1622	2508	1413	1353	1241	1283	1040	50169	929	26728	933	1736	2987	1457	2113	2155	11353	1434	5056
12422	61232	8181	56714	4651	2684	1690	2437	1479	1336	1236	1305	1075	50284	940	26669	929	1778	2946	1496	2129	2161	11243	1430	5104
12482	61440	8115	56680	4706	2726	1609	2507	1504	1408	1247	1232	1083	50464	961	26771	967	1766	2919	1506	2173	2190	11424	1410	5171
12542	61061	8300	56802	4737	2790	1626	2454	1472	1434	1266	1256	1090	50883	952	26980	960	1843	3003	1484	2199	2167	11554	1454	5202
12602	61206	8255	57056	4697	2777	1685	2519	1470	1422	1268	1272	1082	51222	933	26952	935	1749	2992	1530	2173	2211	11643	1467	5167
12662	61351	8463	57075	4726	2769	1687	2492	1508	1419	1231	1278	1065	51652	921	27177	965	1813	2989	1502	2169	2194	11695	1424	5316
12722	61208	8446	57036	4797	2838	1658	2567	1489	1412	1274	1311	1066	51982	945	27316	954	1817	3064	1510	2205	2212	11900	1459	5239
12782	61616	8560	57125	4892	2803	1703	2499	1524	1395	1256	1282	1061	52243	974	27242	972	1861	3043	1521	2183	2216	11951	1466	5290
12842	61507	8694	57435	4899	2865	1681	2554	1526	1421	1299	1308	1069	52386	925	27350	955	1855	3067	1506	2166	2223	11939	1450	5415
12902	61505	8610	57147	4910	2860	1679	2546	1522	1369	1265	1292	1110	52375	933	27453	959	1766	3092	1518	2230	2248	12099	1451	5379
12962	61415	8840	57347	4948	2876	1695	2593	1576	1421	1275	1300	1096	52971	948	27732	985	1851	3135	1558	2212	2263	12153	1478	5372
13022	61330	8901	57549	4927	2923	1717	2627	1532	1441	1269	1311	1104	53001	947	27800	956	1866	3129	1549	2232	2310	12269	1489	5513
13082	61413	8879	57291	4996	2835	1639	2640	1516	1460	1280	1320	1066	53253	949	27882	999	1884	3151	1556	2233	2407	12268	1507	5449
13142	61427	9090	57566	5054	2889	1679	2570	1551	1439	1263	1291	1095	53560	936	27851	993	1907	3192	1568	2215	2292	12384	1496	5541
13202	61494	9086	57489	5104	2978	1717	2612	1553	1440	1323	1299	1093	54235	920	28037	971	1849	3218	1587	2266	2286	12494	1506	5602
13262	61454	9156	57878	5080	2910	1767	2707	1540	1482	1270	1336	1097	54106	952	28083	954	1887	3151	1539	2269	2320	12632	1508	5593
13322	61482	9167	57755	5134	2920	1751	2638	1553	1479	1293	1321	1079	54523	946	28105	978	1894	3230	1513	2302	2361	12637	1498	5672
13382	61501	9427	57477	5194	2938	1730	2706	1518	1433	1323	1317	1084	54453	983	28161	965	1939	3238	1577	2345	2333	12757	1545	5695
13442	61272	9381	57747	5058	2985	1741	2700	1539	1467	1306	1350	1138	55002	957	28449	988	1861	3228	1563	2363	2374	13032	1501	5650
13502	61558	9542	57526	5277	2995	1759	2699	1591	1517	1319	1352	1053	55164	961	28515	978	1903	3335	1576	2281	2408	13015	1501	5806
13562	61541	9498	57528	5228	3009	1709	2721	1571	1465	1273	1355	1098	55361	981	28535	991	1912	3307	1611	2366	2362	13186	1532	5796
13622	61247	9572	57540	5280	3015	1786	2694	1582	1454	1328	1356	1078	55600	975	28548	1001	1945	3338	1553	2356	2408	13077	1563	5747
13682	61375	9672	57645	5316	3126	1768	2803	1566	1477	1308	1373	1099	55859	966	28992	1011	1917	3357	1600	2339	2400	13232	1538	5826
13742	61326	9718	57979	5358	3127	1791	2716	1618	1516	1310	1333	1082	56179	1001	28910	979	1992	3388	1604	2370	2452	13350	1548	5845
13802	61397	9795	57877	5366	3101	1810	2829	1571	1467	1347	1343	1112	56040	977	28896	984	1941	3391	1583	2357	2474	13475	1606	5921
13862	61231	9862	57862	5420	3129	1787	2754	1624	1487	1313	1349	1076	56452	990	28987	968	2001	3418	1600	2424	2492	13635	1559	5940
13922	61316	9908	57855	5449	3105	1822	2753	1535	1520	1333	1330	1096	56871	1016	28901	982	2007	3435	1603	2364	2481	13578	1556	5938
13982	60650	10048	57771	5465	3188	1824	2820	1602	1512	1313	1343	1119	56824	965	29091	987	1975	3417	1654	2458	2496	13642	1580	6001
14042	61379	10126	58000	5477	3146	1776	2828	1607	1532	1329	1371	1115	56920	986	29079	994	2025	3428	1602	2369	2464	13817	1565	6019
14102	61596	10176	58007	5542	3188	1807	2835	1636	1523	1340	1387	1142	57316	1002	29242	995	1965	3498	1628	2404	2557	13886	1566	6082
14162	61115	10232	58043	5573	3246	1872	2797	1629	1511	1352	1343	1098	57647	984	29470	1003	2023	3496	1612	2463	2507	13937	1611	6074
14222	61555	10375	58103	5599	3237	1822	2836	1584	1521	1390	1340	1098	57462	1012	29263	1004	2038	3526	1659	2449	2588	14026	1600	6143
14282	61273	10356	57948	5626	3248	1831	2893	1605	1524	1358	1378	1133	57715	998	29368	1000	2005	3521	1679	2487	2573	14080	1581	6214
14342	61450	10522	58068	5694	3247	1875	2945	1641	1515	1414	1347	1115	58010	1025	29695	1001	1985	3602	1617	2491	2523	14264	1594	6252
14402	61568	10560	58175	5660	3240	1871	2913	1590	1522	1351	1376	1128	58125	940	29485	1021	2018	3613	1671	2468	2556	14444	1606	6229
14462	61276	10647	58296	5755	3283	1845	2881	1646	1562	1331	1434	1107	58697	1034	29621	1006	2021	3569	1658	2503	2556	14543	1648	6255
14522	61696	10778	58404	5735	3261	1872	2912	1602	1552	1380	1382	1107	58718	1037	29743	1016	2053	3557	1656	2566	2569	14514	1586	6250
14582	61013	10898	58134	5797	3319	1912	2906	1681	1589	1384	1368	1131	58243	1002	29649	987	2038	3659	1672	2526	2561	14664	1648	6376
14642	60897	10894	58279	5952	3267	1843	2974	1653	1566	1355	1414	1125	58676	1007	29886	1021	2091	3600	1647	2507	2614	14689	1610	6341
14702	61629	10966	58409	5856	3313	1864	2929	1640	1605	1334	1424	1106	59120	1058	30069	1031	2042	3643	1688	2506	2610	14790	1639	6393
14762	61357	11039	58325	5887	3366	1838	2973	1646	1546	1363	1397	1134	59076	1034	29954	1000	2073	3713	1682	2563	2676	14821	1647	6386
14822	61242	11070	58363	5912	3373	1858	2979	1663	1575	1375	1377	1153	59619	1011	30103	1005	2093	3779	1707	2555	2626	14766	1609	6399
14882	61839	11144	58350	5925	3301	1883	2999	1642	1562	1405	1395	1129	59332	1022	30342	1005	2058	3733	1697	2555	2662	14989	1644	6491
14942	61617	11367	58395	6069	3453	1901	2960	1654	1576	1355	1399	1117	59718	978	30257	1028	2076	3812	1669	2576	2666	15175	1688	6378
15002	61296	11310	58200	5980	3378	1907	3008	1673	1567	1430	1405	1144	59658	1056	30186	1005	2108	3805	1718	2616	2617	15214	1670	6506
15062	61330	11406	58579	6003	3367	1946	3078	1688	1622	1348	1371	1119	59923	1013	30439	1044	2167	3798	1671	2576	2685	15256	1699	6519
15122	61197	11512	58133	6065	3414	1933	3068	1609	1625	1398	1390	1135	60129	1011	30550	991	2144	3882	1720	2616	2715	15369	1630	6611
15182	61538	11524	58047	6028	3461	1909	3043	1671	1603	1355	1398	1157	60090	1021	30552	1020	2118	3893	1744	2615	2768	15355	1722	6600
15242	61565	11605	58482	6139	3487	1961	3033	1656	1619	1424	1425	1144	60352	1040	30586	1002	2127	3829	1727	2562	2742	15611	1702	6703
15302	61258	11563	58330	6093	3435	1917	3095	1692	1597	1377	1427	1150	60229	1026	30580	1024	2185	3912	1728	2643	2764	15823	1697	6652
15362	61074	11766	58420	6180	3498	1936	3114	1678	1656	1389	1370	1189	60308	1034	30761	1034	2148	3847	1674	2642	2767	15869	1651	6728
15422	61324	11869	58348	6126	3525	1929	3103	1704	1643	1441	1426	1145	60626	1037	30770	1028	2219	3890	1684	2619	2756	15707	1710	6695
15482	60857	11997	58421	6262	3492	1980	3065	1706	1678	1396	1438	1155	60916	1039	30660	1055	2214	3889	1728	2743	2810	15894	1679	6759
15542	61169	12050	58477	6284	3524	2005	3048	1730	1638	1445	1416	1165	60610	1041	30844	1030	2156	3894	1756	2698	2762	15974	1735	6805
15602	61380	12126	58455	6342	3525	1932	3079	1676	1646	1408	1399	1142	61126	1054	30865	1048	2213	3962	1772	2715	2842	16202	1729	6785
15662	61153	12329	58346	6266	3489	1967	3075	1723	1599	1431	1419	1175	61463	1014	31042	999	2187	4078	1732	2705	2827	16191	1709	6808
15722	61277	12319	58624	6396	3538	1966	3121	1675	1663	1435	1458	1146	61220	1033	31174	994	2222	4078	1717	2721	2884	16239	1719	6937
15782	61390	12182	58512	6442	3561	1992	3113	1728	1657	1432	1415	1116	61190	1056	31040	1003	2244	3987	1710	2725	2877	16453	1764	6795
15842	61835	12371	58537	6366	3580	2063	3180	1724	1677	1397	1369	1133	61773	1077	31007	1025	2223	3966	1770	2729	2776	16621	1717	6915
15902	61190	12559	58520	6441	3551	2000	3206	1704	1660	1440	1412	1173	61364	1060	31258	1026	2229	4073	1787	2760	2925	16547	1732	6925
15962	61329	12681	58750	6471	3550	1982	3160	1778	1607	1409	1433	1139	61669	1036	31288	1031	2228	4014	1743	2749	2946	16644	1725	7079
16022	61627	12643	58463	6509	3628	2056	3225	1710	1666	1434	1445	1167	61761	1042	31437	1023	2247	4037	1760	2721	2909	16754	1711	7034
16082	61455	12625	58819	6483	3608	2004	3207	1743	1696	1426	1428	1148	61572	1075	31238	1038	2275	4134	1772	2833	2884	16746	1731	7116
16142	61359	12767	58345	6608	3672	2013	3194	1731	1682	1433	1412	1134	61668	1038	31491	1027	2233	4230	1748	2776	2904	16804	1769	7144
16202	61414	12767	58567	6554	3664	2039	3193	1738	1710	1430	1473	1150	61941	1083	31274	1050	2244	4266	1796	2823	2924	16997	1774	7101
16262	61320	12883	58585	6612	3643	2064	3203	1708	1644	1455	1499	1179	61782	1073	31644	1049	2260	4255	1817	2867	2931	17038	1789	7157
16322	61762	13046	58553	6632	3746	2019	3210	1748	1678	1438	1432	1161	62115	1069	31396	1060	2290	4133	1800	2833	2938	17058	1787	7245
16382	61065	12997	58712	6738	3683	2011	3231	1771	1728	1455	1456	1152	62076	1100	31550	1055	2300	4161	1824	2806	2940	17333	1824	7264
16442	61421	13274	58722	6666	3626	2055	3230	1801	1662	1463	1492	1155	61848	1080	31624	1030	2307	4184	1831	2846	2978	17329	1791	7255
16502	61347	13218	58748	6762	3752	2063	3242	1769	1712	1476	1477	1172	62159	1084	31611	1050	2302	4296	1840	2870	2975	17526	1801	7247
16562	61037	13181	58637	6842	3752	2008	3252	1720	1724	1446	1492	1170	62487	1094	31787	1043	2336	4213	1805	2907	2961	17514	1812	7400
16622	61555	13370	58793	6797	3767	2071	3332	1750	1685	1455	1495	1165	62585	1092	31831	1032	2329	4317	1783	2912	2991	17570	1836	7315
16682	61613	13621	58897	6863	3776	2073	3274	1786	1719	1434	1479	1175	62377	1074	31655	1039	2322	4354	1802	2846	2969	17503	1804	7335
16742	61103	13492	58815	6790	3750	2035	3305	1779	1675	1484	1503	1211	62186	1081	31929	1080	2329	4296	1816	2885	3011	17560	1799	7368
16802	61574	13635	58462	6877	3813	2051	3298	1758	1751	1450	1498	1155	62271	1093	32038	1056	2346	4356	1854	2924	3060	17888	1799	7472
16862	61408	13677	59093	6941	3784	2098	3291	1799	1699	1428	1475	1184	62315	1070	31666	1066	2322	4451	1844	2903	2996	18075	1796	7407
16922	61542	13760	58826	7083	3855	2076	3344	1762	1732	1430	1471	1166	62246	1077	32123	1028	2390	4381	1835	2998	3149	17996	1868	7452
16982	61153	13844	58934	7044	3880	2109	3322	1766	1722	1496	1477	1186	62616	1072	31890	1033	2383	4410	1857	2969	3039	17996	1847	7506
17042	61293	13987	58920	7050	3967	2121	3366	1796	1776	1491	1510	1215	62571	1109	32171	1080	2354	4388	1882	3041	3127	18204	1833	7613
17102	61592	13986	58424	6971	3873	2123	3384	1818	1786	1457	1502	1184	62438	1107	32049	1064	2381	4485	1880	2962	3065	18337	1850	7522
17162	60975	14173	58483	7064	3960	2128	3362	1764	1751	1511	1506	1197	62255	1110	32086	1050	2368	4473	1870	2987	3045	18406	1888	7578
17222	61546	14265	58589	7135	3954	2174	3380	1749	1764	1480	1470	1206	62266	1085	32306	1074	2400	4473	1903	2988	3070	18409	1834	7523
17282	61055	14189	58664	7184	3905	2183	3441	1826	1746	1497	1482	1187	62485	1077	32294	1077	2430	4596	1836	2995	3168	18688	1819	7533
17342	61564	14424	58910	7112	3932	2150	3411	1760	1760	1487	1480	1159	62744	1022	32171	1086	2372	4524	1895	2992	3159	18509	1860	7592
17402	61125	14516	58783	7143	4042	2172	3409	1806	1779	1505	1502	1226	62616	1099	32374	1070	2413	4564	1850	3036	3187	18713	1910	7647
17462	61696	14490	58695	7276	3960	2143	3425	1838	1760	1535	1485	1184	62826	1062	32105	1083	2409	4598	1865	3034	3168	18758	1865	7756
17522	61345	14493	58640	7186	4007	2111	3444	1775	1752	1518	1504	1174	62648	1126	32400	1108	2391	4534	1894	3048	3206	18739	1876	7756
17582	61424	14648	58756	7286	3998	2169	3541	1796	1759	1499	1523	1195	62531	1099	32614	1073	2446	4597	1922	3082	3160	18823	1921	7749
17642	61475	14749	58513	7386	4047	2154	3438	1828	1786	1482	1509	1182	62249	1116	32479	1080	2425	4542	1956	3060	3230	18947	1887	7794
17702	61378	14812	58717	7311	4055	2173	3479	1845	1788	1488	1534	1175	62821	1070	32730	1104	2458	4692	1874	3113	3204	19154	1888	7844
17762	61392	14750	58793	7315	4056	2171	3476	1857	1757	1500	1500	1182	62829	1100	32206	1068	2448	4708	1923	3105	3301	19072	1934	7888
17822	61482	15060	58705	7298	4113	2177	3523	1862	1784	1520	1541	1205	62863	1125	32473	1077	2449	4669	1918	3113	3211	19141	1959	7951
17882	61358	15069	58601	7521	4107	2193	3512	1836	1780	1490	1518	1208	62729	1099	32720	1087	2501	4784	1918	3099	3241	19501	1903	7888
17942	61281	14987	58801	7367	4067	2190	3501	1844	1778	1491	1554	1219	62891	1084	32708	1046	2488	4767	1862	3180	3285	19324	1885	7925
18002	61381	15283	58910	7452	4134	2215	3587	1845	1811	1530	1555	1207	62960	1112	32587	1057	2502	4757	1941	3151	3272	19377	1921	7924
18062	61395	15316	58900	7521	4145	2203	3521	1864	1781	1490	1522	1208	62931	1125	32614	1099	2470	4734	1960	3098	3278	19544	1942	7926
18122	61277	15435	58867	7482	4176	2163	3586	1854	1796	1548	1485	1176	62547	1133	32667	1097	2472	4751	1923	3130	3322	19521	1904	7976
18182	61419	15516	58607	7540	4241	2225	3622	1860	1803	1507	1502	1183	62863	1078	32718	1079	2464	4799	1938	3130	3271	19894	1940	8004
18242	61605	15579	58902	7595	4206	2161	3562	1906	1833	1531	1567	1197	62897	1092	32872	1104	2512	4833	1922	3219	3260	19725	1962	8162
18302	61751	15616	58903	7553	4221	2192	3610	1858	1812	1538	1534	1190	62415	1122	32736	1113	2531	4831	1968	3166	3348	19900	1957	7982
18362	61828	15782	58910	7686	4268	2220	3622	1859	1815	1538	1593	1203	62525	1084	32815	1097	2556	4806	1981	3210	3309	19950	1938	8084
18422	61113	15732	58897	7679	4287	2215	3589	1893	1801	1548	1515	1216	62812	1136	33165	1081	2553	4892	1948	3228	3402	20175	1982	8096
18482	61442	15673	58470	7702	4321	2319	3598	1908	1850	1544	1561	1224	62933	1151	32890	1110	2540	4819	1999	3241	3337	20137	1981	8189
18542	61135	15891	58794	7691	4262	2256	3624	1897	1771	1555	1545	1185	62503	1111	32967	1088	2499	4885	2019	3236	3368	20137	1980	8286
18602	61645	15841	58576	7705	4314	2197	3727	1868	1815	1578	1552	1219	62953	1155	33083	1089	2572	4911	2002	3177	3440	20353	1996	8200
18662	61292	16251	59447	7815	4299	2257	3647	1877	1849	1523	1541	1205	62605	1113	33178	1088	2612	4916	1940	3246	3371	20300	1938	8256
18722	61754	16162	58627	7709	4320	2259	3685	1891	1800	1548	1540	1213	62630	1114	33155	1094	2528	4934	1951	3306	3415	20407	2013	8159
18782	61499	16310	58782	7782	4361	2218	3652	1911	1837	1522	1526	1214	62840	1150	33024	1084	2603	4965	1971	3314	3457	20560	1988	8255
18842	61618	16350	58695	7904	4303	2289	3694	1886	1807	1559	1578	1223	62917	1153	33207	1088	2537	4924	1949	3282	3441	20741	1977	8280
18902	61948	16320	58846	7901	4448	2283	3740	1915	1866	1563	1527	1186	62580	1159	33041	1085	2553	4968	1968	3326	3465	20889	2024	8381
18962	61176	16298	58665	8002	4360	2274	3779	1891	1812	1565	1533	1217	62715	1132	33368	1081	2611	5013	1926	3284	3502	20809	1970	8341
19022	60901	16563	58610	7953	4397	2267	3725	1870	1793	1562	1557	1184	62873	1134	33181	1072	2573	5064	1979	3282	3451	21017	2004	8480
19082	61292	16534	58561	7937	4438	2260	3684	1871	1864	1570	1550	1246	63192	1156	33165	1109	2567	5115	1983	3327	3435	20929	1993	8402
19142	61262	16805	58728	7910	4528	2289	3718	1895	1805	1549	1550	1236	62802	1155	33310	1122	2647	5143	1984	3349	3462	21024	2020	8537
19202	61611	16814	58995	8025	4444	2290	3792	1966	1844	1518	1524	1210	62859	1114	33207	1127	2609	5069	2008	3284	3542	21179	2012	8487
19262	61431	16893	58572	8097	4459	2368	3770	1907	1840	1569	1561	1171	62788	1156	33280	1114	2674	5137	1999	3372	3523	21264	2047	8468
19322	61518	17016	58770	8099	4520	2301	3812	1912	1892	1542	1528	1211	62704	1182	33470	1110	2654	5200	2020	3369	3545	21200	2053	8481
19382	61420	16993	58869	8152	4526	2359	3831	1969	1863	1556	1522	1257	63000	1142	33507	1088	2634	5189	1980	3308	3554	21244	2018	8522
19442	61546	17290	58954	8109	4550	2362	3795	1954	1879	1561	1543	1217	62960	1109	33421	1137	2692	5191	2045	3363	3569	21656	2021	8581
19502	61720	17099	58777	8139	4580	2326	3807	1924	1857	1547	1558	1174	63002	1143	33330	1056	2730	5191	2040	3429	3575	21600	2108	8545
19562	61402	17267	58529	8156	4549	2344	3867	1941	1903	1595	1567	1206	62984	1123	33238	1115	2667	5277	2017	3376	3536	21650	2115	8655
19622	60940	17304	58737	8168	4601	2345	3835	1944	1865	1587	1567	1205	62644	1169	33526	1079	2686	5173	2019	3386	3572	21565	2093	8693
19682	61136	17379	58948	8310	4592	2327	3874	1956	1932	1577	1573	1228	63063	1145	33459	1080	2690	5266	2045	3360	3580	21800	2072	8730
19742	61613	17444	58786	8264	4558	2331	3858	1990	1875	1564	1563	1251	63031	1138	33375	1141	2634	5303	2026	3430	3587	21539	2054	8651
19802	61181	17632	58733	8368	4629	2339	3870	1966	1914	1600	1552	1196	63365	1166	33715	1129	2678	5302	2026	3390	3632	21957	2067	8776
19862	61690	17628	58721	8358	4692	2382	3816	1966	1913	1526	1553	1250	62721	1183	33655	1075	2685	5267	2059	3453	3669	21904	2061	8768
19922	61052	17584	58985	8397	4671	2418	3935	1979	1869	1578	1618	1177	62768	1170	33477	1089	2714	5366	2004	3447	3604	22138	2091	8765
19982	61239	17762	58655	8436	4557	2419	3966	2013	1905	1553	1620	1229	62826	1125	33505	1091	2693	5357	2027	3462	3577	22029	2132	8817
20042	61394	17834	58549	8369	4742	2365	3942	1968	1885	1599	1577	1220	62631	1151	33632	1111	2726	5314	2030	3475	3639	22079	2108	8747
20102	61198	17930	58643	8525	4778	2353	4005	1965	1898	1597	1567	1235	63156	1160	33761	1108	2660	5392	2041	3463	3604	22290	2119	8828
20162	61343	18089	58527	8398	4674	2373	3977	1995	1926	1576	1576	1200	62798	1154	33746	1141	2719	5432	2077	3501	3691	22353	2127	8842
20222	61445	17978	59109	8439	4723	2379	4018	1977	1878	1568	1610	1218	63021	1160	33847	1123	2718	5423	2016	3407	3661	22455	2035	9001
20282	61516	18213	58932	8562	4735	2385	4015	1986	1841	1577	1593	1215	63136	1174	33682	1136	2729	5487	2078	3478	3707	22463	2104	8925
20342	61140	18252	58886	8618	4772	2423	3927	1994	1905	1613	1580	1253	62846	1157	33832	1137	2735	5447	2081	3489	3708	22606	2113	8969
20402	61645	18505	58700	8656	4765	2408	4020	1977	1907	1647	1613	1259	62552	1164	33891	1088	2775	5551	2128	3478	3734	22734	2149	8957
20462	61070	18442	58626	8623	4849	2419	4106	2014	1938	1629	1601	1238	62684	1172	33722	1115	2764	5473	2080	3601	3767	22795	2081	8974
20522	61589	18649	58740	8535	4709	2405	4004	1971	1906	1589	1571	1248	63231	1175	34127	1132	2771	5450	2087	3593	3740	22724	2095	9001
20582	61215	18670	58888	8581	4747	2366	4072	1992	1919	1588	1610	1207	63064	1153	33718	1112	2737	5506	2039	3593	3755	22872	2129	8973
20642	61320	18551	58789	8803	4790	2441	4090	1949	1938	1608	1622	1220	62966	1194	33872	1126	2746	5531	2105	3511	3756	23197	2155	9094
20702	61577	18759	58572	8741	4925	2406	4087	1996	1952	1585	1605	1250	62663	1184	33928	1100	2792	5594	2051	3562	3782	23127	2150	9039
20762	61441	19021	58963	8755	4937	2430	4050	1968	1924	1663	1563	1227	62855	1186	33904	1132	2762	5631	2046	3583	3798	23126	2120	9130
20822	61441	18967	58815	8805	4845	2414	4157	1998	1891	1616	1558	1252	63064	1199	34091	1147	2782	5592	2094	3631	3798	23307	2168	9146
20882	60940	19166	58982	8874	4894	2440	4106	2034	1953	1627	1564	1236	62727	1192	33930	1151	2814	5569	2145	3585	3740	23341	2181	9308
20942	61289	19038	58691	8872	4923	2434	4149	2041	1963	1651	1615	1232	63045	1182	34131	1127	2773	5602	2124	3588	3884	23465	2147	9238
21002	61227	19255	58776	8893	4900	2432	4090	1973	1881	1619	1609	1222	62894	1205	34296	1157	2861	5635	2112	3656	3866	23382	2161	9193
21062	61219	19221	58751	8875	4944	2463	4117	1997	1933	1629	1603	1230	62685	1193	33952	1122	2788	5693	2070	3639	3785	23549	2219	9278
21122	61230	19445	58646	8911	4954	2459	4221	2022	1926	1641	1599	1265	62470	1179	34046	1161	2831	5698	2098	3701	3836	23525	2178	9245
21182	61094	19449	58701	8885	4946	2399	4212	2017	1956	1595	1594	1250	62729	1165	34115	1143	2855	5675	2087	3659	3830	23574	2183	9223
21242	61741	19416	58479	9080	4958	2399	4176	1997	1952	1638	1582	1212	62974	1149	34140	1145	2822	5720	2079	3768	3883	23627	2182	9233
21302	60912	19691	58806	8991	4938	2496	4115	2005	1963	1642	1619	1266	62823	1198	34175	1179	2873	5799	2151	3599	3847	23894	2213	9303
21362	61427	19764	59041	9013	5039	2515	4210	1992	1943	1631	1612	1265	62766	1209	34366	1152	2862	5777	2123	3695	3895	23984	2203	9392
21422	61333	19725	58884	9070	4978	2445	4230	1986	1921	1619	1628	1242	62640	1183	34161	1174	2909	5743	2086	3754	3894	23955	2170	9265
21482	61429	19926	58608	9141	5035	2463	4239	1998	1927	1598	1631	1203	63106	1225	34141	1163	2843	5666	2126	3723	3918	24017	2197	9337
21542	61404	19812	58622	9096	5099	2515	4217	2023	1974	1645	1590	1175	62683	1192	34103	1162	2864	5817	2130	3717	3931	24194	2230	9403
21602	61348	20019	59189	9188	5065	2418	4204	1996	1975	1602	1593	1265	63096	1247	34474	1137	2922	5681	2143	3773	3964	24234	2231	9411
21662	61438	20219	58944	9278	5062	2503	4214	2046	1988	1639	1623	1217	62778	1206	34163	1129	2908	5828	2154	3702	3965	24371	2281	9537
21722	61178	20147	58899	9195	5050	2501	4252	2073	1958	1616	1605	1239	62786	1146	34029	1154	2867	5911	2162	3700	3978	24323	2220	9453
21782	61293	20285	58725	9203	5094	2488	4269	2027	1937	1608	1640	1268	62825	1201	34264	1146	2872	5906	2161	3754	3988	24351	2211	9613
21842	61382	20339	58931	9269	5165	2462	4263	2017	1969	1606	1658	1238	63168	1164	34370	1165	2912	5876	2160	3735	3981	24574	2218	9634
21902	61693	20604	59048	9271	5205	2492	4192	2075	1929	1681	1622	1237	62741	1191	34380	1157	2903	5916	2117	3734	3985	24721	2269	9666
21962	61216	20424	58880	9352	5162	2507	4336	2072	1945	1599	1603	1238	62987	1210	34288	1138	2921	6003	2147	3764	3977	24755	2211	9522
22022	61010	20687	58648	9275	5142	2512	4286	2020	1945	1637	1672	1227	62906	1242	34483	1141	2876	5971	2169	3796	4030	24758	2289	9584
22082	61219	20635	58560	9364	5190	2504	4254	2039	1973	1680	1620	1233	62988	1218	34515	1184	2896	5971	2157	3839	4050	24691	2177	9630
22142	61421	20825	58861	9390	5141	2556	4272	2031	1968	1663	1579	1232	62903	1236	34283	1169	2879	5901	2203	3848	4056	24939	2281	9579
22202	61045	20883	58810	9358	5207	2538	4401	2092	2036	1676	1634	1238	63196	1207	34065	1157	2942	6017	2131	3741	4040	24954	2243	9649
22262	61210	20767	59053	9499	5215	2500	4291	2072	1982	1635	1641	1253	62839	1221	34500	1143	2928	6060	2146	3756	4013	25189	2250	9574
22322	61056	20915	58922	9499	5167	2491	4311	2061	1987	1634	1645	1208	62883	1214	34385	1148	2885	6071	2157	3869	4018	25114	2230	9785
22382	61245	21001	58637	9401	5237	2530	4313	2048	1999	1643	1617	1209	63231	1220	34417	1132	2987	6150	2130	3850	4144	25196	2262	9749
22442	61170	21194	58878	9532	5242	2544	4351	2031	2001	1643	1642	1232	62573	1236	34523	1185	2969	6040	2200	3867	4087	25202	2261	9627
22502	61571	21468	59237	9591	5271	2522	4383	2066	2033	1665	1600	1233	62897	1237	34320	1166	2979	6049	2200	3809	4103	25220	2283	9801
22562	61261	21276	59031	9632	5286	2558	4407	2096	2005	1639	1617	1224	62523	1259	34575	1141	2953	6090	2168	3967	4162	25452	2322	9727
22622	61679	21363	58814	9631	5313	2539	4377	2082	1972	1649	1616	1234	63008	1216	34396	1164	2930	6102	2150	3920	4105	25572	2329	9733
22682	61026	21644	59170	9645	5364	2582	4358	2078	2021	1631	1612	1251	62701	1217	34460	1155	2971	6134	2167	3925	4163	25580	2303	10062
22742	61165	21653	58759	9640	5345	2589	4401	2100	1970	1652	1628	1221	62905	1225	34701	1182	2998	6060	2166	3896	4141	25775	2289	9881
22802	60945	21550	58863	9692	5301	2559	4483	2086	1979	1626	1598	1227	63058	1245	34437	1205	2965	6164	2129	3901	4093	25657	2301	10011
22862	61355	21532	58964	9797	5352	2554	4447	2071	1987	1646	1634	1246	62715	1252	34664	1151	2960	6165	2198	3981	4249	25621	2307	9845
22922	61219	21966	58708	9690	5512	2549	4436	2033	2011	1687	1655	1216	62787	1238	34600	1188	2948	6266	2183	3914	4144	25899	2349	9813
22982	61267	22030	58954	9796	5435	2554	4385	2087	2008	1625	1587	1200	62810	1215	34564	1182	2970	6311	2173	3867	4211	25864	2314	9967
23042	61094	21862	58516	9824	5383	2577	4527	2087	1995	1655	1595	1247	62991	1216	34211	1137	2990	6196	2170	3963	4177	25929	2330	9874
23102	61206	21957	59030	9733	5429	2579	4406	2106	2035	1615	1647	1252	62975	1248	34647	1156	3029	6248	2260	3960	4253	26120	2358	10043
23162	61271	22263	58778	9890	5407	2579	4478	2116	1999	1615	1641	1263	62691	1213	34768	1196	3024	6289	2191	3955	4247	26170	2325	9919
23222	61307	22193	58781	9984	5448	2600	4471	2115	1999	1660	1637	1224	62887	1248	34604	1189	3047	6278	2225	4048	4221	26423	2395	10066
23282	61637	22322	58718	9955	5480	2525	4481	2087	1953	1651	1620	1241	62905	1227	34602	1141	2992	6305	2187	3952	4267	26348	2374	10106
23342	61119	22174	58887	9943	5493	2593	4528	2058	2029	1629	1613	1218	62960	1240	34588	1215	2995	6333	2224	3950	4225	26317	2353	10093
23402	61530	22451	58522	9975	5484	2569	4447	2064	1982	1640	1633	1246	62479	1233	34658	1161	3056	6278	2204	4014	4240	26370	2335	10283
23462	61269	22702	58740	9968	5445	2675	4571	2052	2050	1633	1641	1249	62816	1282	34457	1166	3062	6438	2182	3973	4336	26463	2376	10207
23522	61357	22439	59013	10068	5502	2609	4530	2072	1981	1641	1628	1245	63095	1241	34678	1192	3030	6373	2216	4020	4281	26541	2376	10112
23582	61225	22861	58814	9988	5570	2618	4566	2123	2051	1673	1605	1278	63331	1243	34715	1219	3038	6376	2186	4090	4314	26423	2373	10146
23642	61186	22805	58751	10027	5556	2629	4481	2086	2015	1615	1612	1269	63017	1228	34674	1155	3058	6344	2234	4000	4276	26840	2345	10318
23702	61423	22801	58735	10079	5635	2573	4502	2119	2082	1713	1648	1224	63226	1234	34644	1159	3037	6368	2235	4091	4328	26946	2370	10249
23762	61347	22968	58694	10226	5486	2663	4605	2145	2011	1691	1595	1226	63144	1259	34555	1221	3036	6394	2177	4054	4310	26898	2415	10388
23822	61564	23186	58817	10152	5571	2592	4536	2132	2032	1699	1656	1252	63015	1265	34722	1158	3055	6457	2242	4093	4289	26863	2352	10308
23882	61583	23095	58678	10218	5614	2674	4559	2097	2076	1639	1656	1243	62954	1239	34827	1192	3028	6545	2202	4077	4311	26982	2357	10272
23942	61555	23152	58795	10162	5605	2649	4563	2119	2033	1670	1630	1213	63098	1255	34713	1190	3095	6511	2213	4092	4350	27213	2393	10321
24002	61347	23425	58660	10124	5595	2630	4573	2129	2067	1629	1626	1250	63001	1251	34803	1170	3057	6495	2236	4135	4328	26897	2423	10306
24062	61732	23476	59046	10168	5611	2611	4576	2140	2070	1683	1668	1227	62507	1238	34900	1191	3093	6499	2239	4073	4352	27233	2405	10341
24122	61179	23421	58625	10271	5641	2612	4680	2118	2027	1709	1625	1247	63041	1268	34859	1232	3125	6484	2254	4107	4415	27311	2351	10392
24182	60881	23311	58714	10306	5660	2580	4554	2132	2019	1664	1658	1189	62927	1326	34893	1197	3089	6525	2281	4062	4381	27348	2408	10431
24242	61417	23603	58750	10362	5642	2652	4675	2093	2045	1666	1647	1244	62864	1256	34882	1194	3038	6593	2239	4219	4434	27664	2427	10427
24302	61273	23736	58557	10235	5679	2632	4650	2129	2090	1670	1677	1269	62872	1292	34819	1157	3091	6590	2160	4173	4417	27583	2415	10486
24362	61184	23581	58836	10341	5754	2669	4668	2113	2044	1702	1615	1217	63155	1269	34889	1159	3075	6575	2241	4251	4503	27829	2445	10458
24422	60996	23657	58951	10461	5728	2701	4636	2157	2065	1662	1643	1229	62666	1260	34740	1202	3124	6654	2279	4157	4484	27692	2473	10566
24482	61047	23777	58910	10425	5747	2676	4683	2084	2058	1643	1626	1253	62960	1217	34954	1216	3097	6544	2242	4160	4455	27674	2489	10545
24542	61557	24027	58630	10429	5776	2620	4665	2114	2060	1688	1678	1247	62878	1250	34938	1197	3116	6640	2237	4080	4488	28067	2420	10498
24602	61440	24089	59108	10633	5858	2660	4668	2103	2061	1676	1664	1223	63121	1305	35019	1178	3138	6700	2287	4154	4444	27689	2501	10586
24662	60871	24068	58734	10515	5858	2682	4765	2149	2081	1619	1665	1231	62672	1274	34969	1216	3144	6760	2213	4188	4478	27924	2473	10528
24722	61969	24281	58881	10462	5738	2697	4668	2119	2080	1682	1696	1246	62810	1259	34893	1202	3170	6723	2264	4178	4478	27960	2519	10732
24782	61881	24309	58503	10568	5772	2703	4739	2155	2085	1687	1651	1289	63132	1298	34833	1214	3112	6739	2244	4232	4514	28015	2447	10689
24842	61278	24360	58731	10509	5774	2631	4700	2187	2055	1683	1642	1264	62845	1264	35122	1192	3185	6761	2306	4267	4495	28108	2500	10619
24902	61003	24782	59183	10639	5856	2695	4767	2198	2064	1686	1672	1224	62598	1307	34989	1207	3108	6711	2305	4256	4444	28304	2462	10586
24962	61588	24639	58872	10539	5807	2704	4731	2117	2068	1691	1687	1262	62964	1255	34990	1198	3198	6752	2256	4200	4527	28263	2490	10747
25022	61326	24742	58601	10744	5808	2682	4754	2175	2030	1711	1688	1262	63081	1274	35052	1230	3169	6847	2250	4213	4509	28408	2438	10737
25082	61289	24763	58893	10860	5839	2695	4714	2203	2071	1668	1641	1246	62679	1290	35088	1219	3118	6702	2274	4368	4532	28313	2510	10802
25142	61503	24803	58782	10690	5874	2741	4766	2209	2114	1634	1679	1238	62768	1268	35061	1232	3176	6851	2294	4263	4681	28605	2481	10744
25202	61452	25095	58664	10650	5951	2676	4802	2154	2076	1653	1642	1213	63011	1292	35124	1232	3190	6865	2306	4298	4556	28499	2511	10708
25262	61572	25157	58725	10802	5898	2748	4805	2135	2042	1676	1611	1243	63148	1277	34979	1183	3114	6833	2250	4250	4644	28767	2547	10877
25322	61137	25142	58933	10743	5901	2717	4785	2141	2048	1665	1672	1242	63035	1267	35094	1210	3139	6945	2278	4358	4609	28594	2527	10793
25382	61130	25145	58867	10830	5907	2723	4847	2168	2109	1700	1658	1266	62912	1292	35161	1208	3207	6939	2313	4329	4640	28732	2470	10733
25442	61324	25173	58762	10804	6074	2738	4799	2159	2104	1642	1676	1279	62888	1306	35046	1209	3211	6836	2253	4357	4661	28879	2536	10785
25502	61095	25378	58958	10898	5977	2736	4799	2152	2071	1694	1653	1228	63011	1289	35329	1214	3156	6913	2295	4340	4625	28941	2475	10864
25562	61441	25517	58816	10854	5939	2752	4871	2233	2066	1650	1679	1267	62852	1289	35108	1227	3195	6930	2339	4350	4573	29033	2552	10849
25622	61377	25444	59104	10878	5911	2747	4822	2163	2079	1659	1633	1231	63181	1262	35242	1221	3189	6891	2246	4388	4625	28838	2538	10911
25682	61610	25538	58964	11013	6014	2668	4873	2177	2072	1686	1662	1261	63197	1275	35223	1223	3209	6983	2261	4362	4681	29162	2523	10982
25742	61040	25664	58919	10985	5952	2755	4848	2229	2098	1725	1670	1282	62770	1282	35118	1197	3185	6941	2286	4371	4626	29198	2539	10966
25802	61530	25783	58809	10925	6039	2739	4896	2178	2064	1684	1668	1249	63029	1269	35100	1216	3200	7057	2317	4396	4717	29235	2552	10954
25862	61632	25732	58781	10927	6056	2764	4921	2210	2096	1755	1656	1251	63090	1301	35171	1228	3229	7068	2305	4362	4670	29121	2550	11127
25922	61295	25883	59042	10973	6082	2755	4883	2224	2075	1727	1663	1279	62942	1281	35177	1204	3246	6969	2274	4343	4637	29491	2524	11091
25982	61314	26103	58697	11083	6045	2721	4878	2174	2073	1696	1667	1241	62856	1301	35137	1177	3187	7128	2295	4349	4707	29847	2537	10980
26042	61170	26193	58864	11114	6090	2748	4902	2162	2079	1683	1679	1229	62869	1302	35017	1209	3243	7055	2275	4398	4696	29724	2550	11096
26102	61240	25949	58833	11122	6054	2673	4883	2212	2108	1707	1683	1213	62958	1308	35340	1254	3315	7174	2299	4446	4761	29434	2589	11109
26162	61079	26203	58753	11223	6131	2693	4909	2232	2080	1723	1678	1229	62780	1304	35119	1236	3271	7128	2321	4363	4806	29713	2587	11153
26222	61662	26332	58493	11213	6124	2795	4996	2211	2096	1749	1623	1255	62861	1307	35049	1247	3234	7090	2323	4386	4708	29593	2583	11129
26282	61193	26441	59170	11237	6079	2772	4868	2211	2082	1699	1672	1259	62856	1286	35000	1222	3275	7120	2302	4396	4767	30015	2603	11121
26342	61360	26463	58978	11178	6153	2729	4942	2246	2126	1702	1658	1260	63124	1301	35072	1241	3278	7244	2322	4479	4776	29979	2557	11068
26402	61428	26568	58713	11243	6124	2762	4832	2217	2134	1684	1679	1267	62618	1266	35283	1206	3307	7129	2319	4472	4730	29898	2539	11190
26462	61576	26788	59092	11244	6096	2792	4951	2185	2167	1759	1664	1296	63049	1271	35079	1207	3325	7205	2313	4492	4822	30096	2563	11121
26522	61127	26553	58823	11246	6234	2747	4949	2222	2139	1726	1670	1206	62641	1291	35215	1206	3278	7177	2346	4487	4787	30003	2598	11392
26582	61297	26758	58645	11260	6205	2776	5032	2211	2115	1714	1720	1260	63208	1330	35366	1219	3313	7225	2336	4474	4806	30085	2647	11258
26642	61308	26899	59129	11338	6162	2814	5016	2181	2117	1718	1632	1220	62909	1301	35256	1227	3320	7256	2337	4500	4830	30249	2577	11299
26702	61335	26885	58699	11374	6264	2825	4997	2216	2132	1722	1654	1251	63129	1290	35211	1238	3361	7218	2318	4513	4822	30401	2606	11356
26762	61787	27183	58678	11403	6242	2746	5055	2189	2051	1673	1688	1263	62866	1334	35131	1222	3306	7268	2365	4487	4879	30187	2608	11254
26822	61322	27205	58590	11398	6298	2836	5086	2241	2162	1719	1678	1219	63236	1345	35188	1251	3294	7388	2334	4534	4849	30323	2676	11356
26882	61176	27282	58635	11374	6257	2796	5103	2213	2112	1677	1656	1255	62982	1306	35287	1203	3327	7240	2353	4522	4916	30558	2618	11329
26942	61403	27325	59051	11505	6233	2797	5055	2218	2118	1657	1660	1246	63050	1294	35273	1197	3325	7293	2306	4487	4834	30475	2599	11453
27002	61345	27188	58530	11480	6240	2826	5071	2283	2158	1793	1679	1250	62921	1294	35253	1247	3372	7408	2295	4497	4839	30817	2615	11356
27062	61241	27606	58643	11459	6254	2790	5084	2297	2139	1717	1677	1236	63108	1328	35172	1248	3307	7402	2327	4537	4914	30694	2640	11458
27122	61195	27579	58614	11511	6318	2836	5080	2225	2140	1742	1703	1259	62719	1313	35224	1189	3358	7402	2340	4490	4928	30855	2588	11346
27182	61407	27547	58922	11545	6337	2789	5090	2240	2105	1724	1710	1228	62996	1324	35352	1228	3357	7357	2349	4534	4948	30651	2614	11415
27242	61366	27725	58728	11550	6374	2804	5037	2255	2139	1715	1677	1222	62486	1311	35438	1221	3343	7512	2376	4617	4857	31005	2672	11435
27302	61486	27896	59193	11680	6312	2827	5090	2207	2119	1765	1697	1298	62933	1347	35234	1233	3388	7511	2328	4592	4879	30823	2617	11436
27362	61717	27951	58894	11638	6405	2793	5117	2321	2126	1690	1687	1264	62946	1340	35202	1248	3357	7451	2345	4604	4969	30907	2659	11487
27422	61136	27986	58848	11589	6269	2855	5178	2216	2098	1710	1703	1269	62847	1328	35227	1206	3326	7416	2340	4633	4945	31166	2654	11499
27482	61409	28117	59162	11598	6385	2807	5173	2220	2097	1705	1714	1269	62718	1319	35301	1248	3374	7378	2329	4589	4981	31258	2597	11491
27542	61232	28135	58850	11670	6424	2823	5110	2247	2137	1721	1699	1255	62897	1346	35594	1253	3411	7509	2344	4630	4978	30960	2622	11564
27602	60948	28075	58818	11728	6319	2876	5134	2282	2116	1744	1702	1236	63114	1308	35301	1247	3323	7430	2299	4570	4953	31263	2677	11533
27662	61296	28188	58995	11671	6370	2832	5158	2225	2148	1733	1679	1256	62795	1343	35414	1269	3358	7603	2388	4614	4962	31214	2640	11697
27722	61276	28362	58684	11747	6363	2793	5155	2305	2180	1765	1686	1265	63015	1322	35198	1232	3345	7503	2363	4562	5049	31383	2637	11580
27782	61238	28640	59132	11825	6386	2836	5166	2247	2141	1694	1686	1266	63090	1344	35404	1223	3370	7426	2347	4668	4924	31406	2655	11709
27842	61179	28740	58705	11841	6447	2846	5147	2324	2096	1763	1692	1231	62687	1320	35259	1229	3424	7528	2363	4637	5041	31498	2696	11501
27902	61092	28500	58671	11916	6502	2892	5219	2262	2149	1748	1651	1246	63090	1351	35466	1275	3420	7613	2335	4679	5072	31526	2678	11702
27962	61353	28842	58854	11749	6503	2833	5278	2249	2187	1724	1708	1294	62886	1361	35388	1209	3413	7579	2428	4726	4983	31597	2688	11755
28022	61201	28890	58883	11848	6566	2855	5218	2277	2141	1729	1646	1264	63037	1358	35266	1229	3444	7576	2343	4643	5042	31458	2683	11643
28082	61309	28973	58582	11824	6591	2871	5287	2317	2223	1713	1701	1289	63082	1294	35511	1250	3399	7650	2436	4662	5071	31742	2740	11710
28142	61423	28835	58866	11888	6494	2940	5185	2230	2167	1790	1636	1235	63293	1369	35484	1266	3365	7640	2373	4597	5113	31931	2726	11731
28202	61247	29048	58793	12006	6537	2906	5274	2326	2136	1668	1695	1245	62932	1338	35338	1260	3444	7659	2352	4678	5065	32013	2683	11818
28262	61456	29169	58818	11963	6518	2890	5257	2274	2148	1839	1714	1275	63073	1351	35279	1235	3470	7659	2421	4728	5085	32013	2636	11841
28322	61353	29127	58631	11945	6670	2877	5317	2319	2149	1740	1661	1244	63059	1363	35716	1250	3445	7735	2363	4693	5067	32326	2663	11677
28382	61222	29427	58713	12122	6650	2899	5346	2267	2228	1777	1695	1281	63275	1396	35424	1249	3440	7624	2435	4779	5088	32153	2686	11942
28442	61164	29266	59242	12202	6685	2853	5280	2282	2226	1703	1681	1311	62722	1334	35480	1270	3468	7706	2351	4765	5159	32208	2748	11745
28502	61168	29556	58622	11979	6666	2851	5244	2319	2174	1742	1704	1250	62705	1304	35606	1270	3485	7809	2385	4814	5127	32093	2705	11868
28562	61621	29558	58836	12079	6609	2916	5333	2303	2173	1761	1724	1275	63100	1321	35225	1256	3463	7810	2453	4730	5185	32361	2742	11905
28622	61399	29739	58835	12114	6649	2886	5397	2313	2134	1799	1669	1259	62863	1362	35453	1308	3478	7769	2492	4795	5094	32382	2728	11968
28682	61039	29588	58903	12177	6715	2907	5298	2358	2231	1787	1655	1259	62898	1388	35428	1258	3490	7848	2409	4777	5091	32697	2741	11873
28742	61577	29808	59004	12185	6663	2974	5348	2361	2187	1735	1662	1273	62605	1327	35585	1258	3492	7823	2449	4799	5125	32594	2761	11915
28802	61358	29962	58947	12284	6638	2966	5424	2330	2187	1755	1703	1291	62752	1417	35607	1252	3474	7814	2413	4796	5180	32587	2804	11894
28862	61311	30139	58803	12225	6597	2906	5362	2348	2169	1767	1704	1263	63018	1374	35314	1239	3453	7893	2398	4820	5210	32788	2767	11936
28922	61558	30177	58893	12272	6768	2935	5363	2321	2196	1751	1671	1246	63166	1300	35299	1258	3440	7901	2410	4781	5177	32554	2757	11843
28982	61491	30065	59186	12196	6636	2959	5497	2333	2200	1777	1656	1231	63145	1357	35471	1266	3509	7832	2370	4818	5223	32844	2725	11988
29042	61514	30134	59012	12230	6729	2918	5365	2318	2219	1732	1650	1243	63363	1377	35462	1246	3525	7833	2475	4835	5266	32776	2771	12005
29102	61283	30237	58876	12387	6729	2960	5398	2288	2245	1727	1708	1266	63195	1363	35495	1309	3600	7935	2449	4805	5200	33005	2755	12023
29162	61489	30575	58661	12480	6813	2996	5449	2393	2237	1786	1664	1238	63054	1330	35484	1269	3539	7962	2438	4824	5232	33222	2794	12147
29222	61642	30257	59070	12320	6776	2955	5489	2319	2203	1838	1660	1274	62862	1360	35555	1260	3506	7884	2441	4817	5258	32874	2767	12100
29282	61343	30493	58930	12336	6813	2983	5485	2339	2186	1825	1680	1263	63138	1391	35676	1239	3583	7923	2471	4862	5328	32956	2796	12148
29342	61007	30703	58965	12359	6890	2913	5447	2370	2242	1797	1649	1273	63128	1352	35418	1251	3552	7997	2447	4902	5355	33170	2790	12083
29402	61231	30558	58948	12491	6753	2983	5463	2405	2202	1805	1738	1260	63031	1337	35653	1270	3557	7974	2475	4875	5278	33190	2757	12105
29462	61370	30926	58777	12602	6933	2968	5495	2308	2216	1820	1690	1278	63014	1359	35673	1283	3519	7915	2453	4873	5250	33269	2805	12097
29522	61055	30935	58956	12522	6828	2945	5454	2395	2185	1833	1698	1236	62987	1374	35569	1248	3525	7974	2472	4835	5290	33466	2773	12217
29582	61398	31033	58886	12411	6867	2914	5427	2371	2224	1726	1693	1265	62957	1370	35667	1302	3633	8046	2429	4904	5386	33494	2835	12277
29642	61234	31017	58959	12463	6920	2965	5522	2361	2187	1826	1734	1293	62832	1333	35575	1244	3526	8067	2447	4887	5232	33338	2808	12223
29702	61562	31269	58728	12547	6882	3000	5510	2378	2214	1825	1669	1294	62641	1398	35474	1244	3611	8054	2476	4853	5330	33681	2833	12129
29762	61642	31147	58577	12636	6884	2955	5574	2364	2274	1775	1686	1255	63049	1375	35493	1266	3518	8031	2455	4944	5311	33632	2785	12169
29822	61312	31126	58873	12585	6966	3034	5550	2379	2214	1787	1708	1259	62950	1352	35722	1297	3610	8154	2519	4930	5232	33656	2771	12217
29882	61392	31312	58806	12559	6948	3022	5562	2297	2226	1818	1700	1310	62769	1341	35513	1247	3565	8133	2438	4930	5387	33637	2859	12201
29942	61384	31724	58900	12690	7000	3003	5574	2375	2216	1826	1713	1258	62964	1397	35641	1235	3620	8076	2511	4911	5410	33809	2773	12336
30002	61372	31653	59029	12698	7027	3022	5519	2364	2232	1809	1717	1266	63230	1420	35644	1305	3562	8125	2478	5019	5354	33949	2827	12323
30062	61274	31809	58911	12721	7078	3028	5568	2367	2212	1819	1747	1310	63464	1364	35613	1265	3573	8129	2468	5042	5390	34161	2812	12353
30122	61281	31797	58715	12684	7011	3005	5583	2394	2241	1803	1706	1271	62941	1387	35486	1262	3585	8216	2498	4963	5376	33966	2851	12404
30182	61563	31801	58872	12714	6990	2973	5601	2461	2231	1853	1737	1328	62886	1338	35665	1273	3582	8340	2459	5001	5368	34076	2828	12333
30242	61182	31660	58434	12761	7082	3022	5558	2396	2268	1829	1727	1273	63154	1361	35670	1289	3586	8254	2505	4984	5500	34116	2872	12380
30302	61525	32019	58992	12886	7141	3028	5664	2426	2243	1832	1784	1298	63121	1398	35349	1273	3606	8238	2550	5012	5374	34250	2895	12468
30362	61232	32010	58931	12866	6998	3047	5627	2334	2297	1865	1757	1275	62954	1384	35520	1283	3636	8293	2463	4920	5368	34169	2811	12525
30422	61314	32285	59000	12749	7233	3035	5600	2400	2255	1853	1755	1273	62781	1363	35743	1255	3666	8251	2490	5075	5411	34344	2851	12409
30482	61405	32171	59149	13024	7079	3084	5704	2439	2291	1831	1727	1286	62817	1380	35730	1291	3675	8366	2514	5021	5452	34369	2910	12412
30542	61678	32644	59209	12866	7236	3126	5734	2414	2259	1836	1769	1272	63087	1430	35732	1252	3656	8350	2500	5020	5415	34161	2891	12493
30602	61128	32217	58969	12986	7210	3061	5700	2412	2276	1839	1761	1307	63211	1369	35613	1282	3632	8322	2534	4942	5457	34520	2843	12491
30662	61480	32506	58971	12852	7108	3065	5708	2414	2306	1811	1712	1283	62980	1361	35551	1260	3686	8249	2500	5057	5450	34435	2852	12461
30722	61499	32597	58892	12941	7218	3073	5647	2431	2294	1840	1757	1287	62870	1395	35605	1253	3754	8351	2549	5017	5523	34567	2865	12558
30782	61300	32624	58953	12924	7187	3066	5756	2431	2344	1850	1746	1269	62910	1367	35738	1299	3711	8321	2538	5019	5423	34628	2924	12591
30842	60739	32485	58869	13029	7187	3040	5713	2479	2324	1862	1728	1287	63014	1381	35466	1253	3690	8401	2524	5036	5498	34790	2863	12512
30902	61253	32813	58696	13121	7192	3101	5814	2450	2329	1831	1734	1295	63130	1364	35513	1308	3741	8340	2512	5069	5448	34721	2915	12520
30962	61185	32978	58841	12982	7198	3077	5697	2494	2295	1852	1782	1264	62872	1384	35805	1278	3699	8386	2557	5091	5558	34994	2839	12606
31022	61177	33092	58958	13034	7274	3075	5823	2495	2284	1904	1774	1309	62917	1368	35480	1289	3662	8368	2538	5057	5548	34849	2898	12540
31082	61428	33003	59079	13216	7337	3058	5878	2434	2271	1872	1786	1286	62733	1406	35760	1301	3736	8350	2528	5063	5472	34945	2945	12640
31142	61251	32977	58771	13124	7313	3063	5779	2463	2309	1881	1784	1305	62827	1348	35881	1288	3700	8375	2632	5109	5587	34951	2917	12631
31202	61566	33433	58642	13024	7336	3149	5819	2477	2303	1866	1813	1264	62920	1367	35715	1321	3810	8494	2522	5247	5503	35224	2963	12559
31262	61119	33525	58816	13176	7332	3115	5789	2474	2338	1859	1761	1311	63094	1373	35767	1296	3699	8331	2538	5137	5503	35215	2955	12688
31322	61118	33474	59035	13132	7399	3180	5801	2478	2325	1904	1781	1314	62752	1375	35615	1317	3747	8334	2589	5151	5611	35169	2916	12698
31382	61201	33774	58916	13275	7463	3152	5862	2491	2323	1921	1815	1312	62999	1422	35706	1290	3772	8519	2617	5143	5619	35428	2956	12579
31442	61238	33563	58872	13350	7425	3170	5794	2478	2329	1889	1800	1289	63088	1401	35891	1298	3736	8472	2577	5142	5584	35383	2910	12761
31502	61151	33629	58752	13281	7348	3167	5907	2487	2343	1892	1816	1302	62858	1374	35741	1306	3738	8483	2550	5084	5533	35600	2982	12731
31562	61818	33842	59139	13363	7436	3119	5843	2472	2300	1875	1786	1310	62906	1425	35634	1292	3773	8535	2551	5106	5604	35469	2941	12752
31622	60985	34105	58964	13323	7478	3213	5896	2468	2334	1924	1810	1306	62872	1371	35912	1259	3786	8573	2621	5183	5646	35446	2905	12662
31682	61413	34024	58562	13440	7409	3125	5832	2466	2309	1897	1797	1318	62964	1410	35702	1323	3798	8482	2625	5261	5574	35673	2981	12826
31742	61412	33908	58880	13423	7473	3198	5886	2461	2328	1860	1809	1299	63000	1377	35676	1283	3785	8475	2617	5194	5631	35782	2983	12828
31802	61401	33937	58771	13424	7564	3147	5886	2556	2412	1885	1788	1322	63415	1391	35701	1304	3842	8574	2601	5187	5601	36087	2984	12662
31862	61378	34310	58866	13294	7513	3148	5928	2450	2330	1897	1783	1330	63278	1424	35617	1281	3765	8567	2599	5266	5605	35762	2936	12866
31922	61140	34521	58732	13467	7492	3152	5895	2555	2356	1854	1830	1294	62924	1375	35646	1311	3799	8509	2568	5240	5702	35614	2952	12806
31982	61162	34320	58870	13490	7444	3169	5966	2545	2333	1919	1779	1287	63007	1381	35738	1286	3830	8633	2602	5229	5657	35839	2949	12873
32042	61339	34393	58988	13373	7644	3196	5896	2546	2323	1890	1771	1289	63066	1405	35783	1340	3762	8556	2621	5201	5661	36231	2990	12848
32102	61233	34347	58670	13621	7624	3223	5944	2561	2337	1937	1803	1332	63234	1391	35710	1327	3852	8672	2636	5114	5618	36047	2977	12924
32162	61251	34803	58888	13606	7609	3204	5966	2565	2400	1944	1787	1301	63060	1368	35664	1300	3923	8672	2609	5238	5616	36003	3032	12866
32222	61501	34766	58661	13489	7610	3245	6000	2553	2311	1924	1787	1322	63078	1436	35803	1312	3855	8682	2604	5276	5657	36131	3004	12930
32282	61427	34815	59002	13468	7639	3167	5997	2583	2365	1904	1865	1277	62888	1424	35742	1307	3816	8767	2609	5301	5728	36231	2989	12932
32342	61028	34840	58972	13491	7575	3217	5972	2559	2386	1887	1800	1339	62865	1430	35734	1286	3863	8780	2612	5180	5717	36067	2953	12977
32402	60924	35006	58895	13703	7665	3238	6038	2562	2401	1891	1811	1327	63239	1369	35754	1305	3905	8776	2654	5260	5779	36324	2982	12938
32462	61498	34918	58987	13661	7745	3178	6032	2549	2402	1902	1805	1331	62789	1414	35695	1309	3861	8733	2604	5342	5763	36352	3032	13125
32522	61226	35160	59005	13742	7669	3252	5999	2537	2446	1919	1798	1278	63074	1413	35742	1354	3906	8784	2635	5289	5759	36219	2950	13035
32582	61226	35096	58881	13692	7686	3180	6067	2543	2398	1944	1836	1305	62739	1403	35910	1345	3872	8739	2650	5325	5740	36390	3004	13050
32642	61289	35207	58729	13648	7726	3305	6169	2595	2414	1909	1860	1345	63025	1395	35881	1313	3935	8736	2696	5253	5794	36540	3038	13149
32702	61537	35225	58804	13619	7797	3254	6152	2544	2365	1922	1831	1318	62858	1455	35982	1304	3967	8763	2677	5394	5756	36610	3035	13006
32762	61232	35574	58852	13901	7643	3262	6090	2549	2435	1930	1796	1284	62971	1409	35746	1287	3931	8776	2675	5326	5772	36720	3016	13098
32822	61487	35417	58958	13903	7841	3305	6092	2620	2449	1910	1845	1330	62954	1454	35566	1317	3937	8841	2655	5329	5749	36677	3062	13122
32882	60972	35379	58825	13661	7818	3305	6086	2582	2441	1896	1786	1343	62917	1388	35696	1309	3838	8831	2644	5343	5827	36887	2964	13048
32942	61327	35457	58744	13875	7833	3324	6126	2563	2414	1964	1860	1327	63509	1416	35775	1312	3929	8918	2687	5381	5834	36923	3029	13177
33002	61166	35984	58979	13855	7761	3333	6228	2600	2412	1957	1830	1304	62962	1404	35786	1327	3897	8884	2734	5267	5853	36937	3019	13133
33062	61138	35900	58823	13999	7870	3311	6223	2643	2477	1975	1822	1351	63029	1412	35675	1315	3950	8895	2648	5326	5866	37171	3045	13131
33122	61252	35869	58874	13814	7830	3294	6213	2586	2417	1966	1817	1333	63158	1418	35970	1314	3976	8933	2746	5347	5789	37262	3046	13173
33182	61428	36106	59022	13906	7910	3248	6154	2622	2501	1956	1854	1313	63075	1436	35958	1342	3968	8924	2690	5343	5823	37010	3017	13300
33242	61173	36077	58902	13825	7874	3331	6225	2627	2470	2009	1843	1318	63235	1416	35932	1330	3940	8949	2713	5361	5818	37475	3060	13250
33302	61189	36022	58957	13941	7910	3312	6220	2670	2489	1941	1849	1326	63176	1453	35893	1308	3986	8962	2623	5426	5906	37202	3038	13380
33362	61351	36213	59520	13845	7881	3330	6214	2610	2506	1939	1844	1348	63506	1417	35822	1350	3980	9011	2724	5482	5898	37368	3024	13221
33422	61460	36100	58584	13826	7884	3327	6284	2613	2425	1934	1848	1372	63226	1401	35729	1340	4085	8957	2753	5422	5825	37337	3029	13208
33482	61113	36321	58793	14033	8000	3297	6230	2611	2436	1990	1829	1324	63024	1412	35881	1310	4081	9026	2759	5428	5870	37285	3043	13184
33542	61093	36562	58672	14027	7934	3369	6269	2634	2474	1978	1840	1332	63059	1442	35909	1287	4019	9102	2757	5499	5856	37634	3029	13290
33602	61530	36735	58796	14009	7948	3378	6323	2594	2460	1946	1884	1312	62890	1387	35760	1329	3962	9118	2725	5479	5876	37364	3027	13315
33662	61390	36888	58615	14149	8047	3349	6256	2634	2438	1960	1899	1330	62901	1399	35972	1315	4016	9060	2662	5471	5939	37352	2998	13326
33722	61583	36840	58835	14150	7945	3345	6275	2677	2434	1989	1831	1283	62801	1405	35855	1287	4086	9044	2707	5451	5864	37506	3066	13280
33782	61170	36848	58741	14148	8002	3444	6268	2700	2487	1973	1881	1350	62842	1463	35841	1330	3954	9052	2726	5478	5975	37544	3070	13516
33842	61464	36996	59129	14206	8007	3366	6222	2666	2465	1950	1834	1347	62916	1404	36098	1297	4064	9075	2727	5430	5980	37828	3113	13368
33902	61271	37013	59050	14213	8027	3416	6229	2609	2431	1998	1845	1397	62853	1444	35757	1311	4059	9123	2744	5554	5942	37772	3156	13338
33962	60932	37014	58738	14115	8061	3360	6377	2627	2514	1979	1863	1361	62984	1423	35900	1364	4048	9104	2723	5518	5951	37737	3018	13602
34022	61138	36951	58770	14283	7999	3433	6356	2687	2522	1995	1881	1350	62959	1441	36165	1349	4089	9115	2803	5482	5898	38157	3082	13427
34082	61168	37483	58650	14420	8041	3418	6236	2636	2462	1976	1868	1317	63013	1399	35841	1326	4060	9110	2757	5508	5994	37854	3056	13311
34142	61394	37234	59221	14331	8108	3472	6213	2637	2509	2014	1820	1336	63158	1421	35886	1335	4154	9144	2769	5570	5964	37765	3086	13494
34202	61617	37259	58769	14439	8184	3442	6347	2646	2533	1983	1845	1373	63069	1422	35799	1329	4053	9191	2782	5503	6004	37986	3086	13474
34262	61202	37472	59049	14441	8185	3373	6415	2713	2456	1990	1857	1337	63053	1426	35904	1287	4146	9149	2822	5468	5961	38041	3078	13518
34322	61133	37577	58386	14457	8080	3409	6370	2663	2502	1991	1875	1340	63097	1416	35870	1334	4074	9238	2756	5498	5934	38176	3084	13528
34382	61565	37580	58693	14410	8236	3413	6404	2710	2534	1987	1859	1395	62806	1399	35861	1299	4134	9186	2767	5537	6072	38445	3197	13529
34442	61462	37735	58810	14412	8330	3407	6352	2685	2479	2023	1901	1328	62754	1483	36053	1346	4150	9185	2730	5601	6051	38200	3177	13619
34502	61168	37785	58815	14522	8293	3449	6470	2703	2489	2010	1887	1358	62847	1412	35708	1343	4048	9248	2786	5506	6150	37916	3077	13575
34562	61440	37823	58953	14448	8324	3428	6501	2705	2490	1960	1934	1361	62579	1433	35989	1318	4179	9314	2807	5588	6025	38672	3150	13621
34622	61252	38068	58741	14601	8355	3483	6377	2673	2535	2022	1840	1343	63129	1417	35623	1355	4160	9278	2817	5488	6073	38570	3131	13599
34682	61538	38071	59167	14469	8275	3442	6496	2717	2497	2071	1851	1351	62838	1477	35916	1353	4139	9265	2785	5559	6041	38650	3116	13669
34742	61437	38066	58573	14502	8349	3494	6435	2689	2520	2040	1893	1343	62893	1436	35841	1335	4194	9285	2872	5583	6105	38471	3109	13737
34802	61404	38367	58934	14569	8241	3459	6519	2734	2507	2035	1941	1384	63015	1416	35774	1333	4173	9263	2794	5551	6083	38589	3188	13563
34862	61310	38149	58919	14617	8311	3518	6444	2714	2567	1997	1896	1357	63212	1446	35728	1330	4234	9379	2816	5634	6143	38862	3101	13695
34922	61103	38216	58785	14660	8349	3411	6554	2727	2559	2066	1955	1350	63156	1459	35724	1327	4251	9385	2863	5508	6108	38615	3142	13780
34982	61241	38518	58984	14468	8370	3512	6583	2760	2571	2030	1904	1340	62982	1463	36081	1318	4192	9429	2777	5581	6074	38583	3145	13692
35042	61130	38386	59020	14676	8352	3456	6563	2721	2569	2043	1916	1357	62760	1456	35907	1328	4170	9386	2839	5556	6070	38942	3079	13695
35102	61282	38785	58963	14733	8422	3483	6511	2761	2531	2069	1854	1370	63134	1478	36011	1331	4258	9391	2808	5588	6131	39029	3111	13779
35162	61317	38869	58731	14650	8484	3472	6472	2732	2525	2071	1899	1377	62942	1371	36023	1329	4258	9325	2832	5639	6076	39036	3127	13816
35222	61214	38958	58619	14683	8357	3510	6571	2752	2570	2068	1885	1403	62923	1447	35730	1329	4194	9365	2858	5663	6152	38926	3155	13760
35282	61065	38946	58944	14591	8416	3609	6560	2799	2600	2032	1919	1344	62759	1465	35989	1351	4185	9340	2882	5589	6088	38871	3100	13678
35342	61117	38998	58765	14802	8570	3534	6581	2768	2570	2041	1907	1373	62938	1478	35951	1320	4231	9452	2840	5713	6107	39163	3169	13840
35402	61359	39089	58943	14714	8534	3554	6645	2753	2516	2074	1956	1336	63186	1429	35927	1350	4262	9531	2890	5642	6175	39192	3167	13765
35462	61717	39407	58915	14741	8451	3581	6557	2760	2505	2040	1927	1408	62905	1427	35935	1338	4240	9426	2838	5651	6176	39258	3139	13756
35522	61175	39179	58822	14760	8476	3556	6590	2742	2612	2047	1959	1374	63266	1431	35929	1332	4338	9530	2881	5708	6212	39127	3170	13919
35582	61211	39442	58753	14864	8493	3564	6590	2720	2559	2044	1957	1371	62678	1430	35920	1349	4286	9579	2924	5740	6197	39331	3156	13775
35642	61324	39609	59057	14881	8589	3539	6625	2743	2609	2084	1985	1380	63130	1449	35846	1332	4323	9539	2845	5662	6296	39236	3110	13816
35702	61222	39376	59112	15007	8615	3580	6550	2825	2593	2037	1939	1392	63223	1442	35955	1340	4321	9560	2905	5698	6206	39421	3260	13787
35762	61041	39767	59086	14948	8637	3594	6686	2770	2592	2033	1899	1388	62959	1469	36069	1326	4288	9530	2854	5647	6351	39602	3222	14006
35822	61364	39573	58900	14860	8603	3579	6610	2746	2579	2059	1910	1393	63151	1429	35970	1303	4359	9514	2841	5640	6239	39432	3139	13846
35882	61348	39769	58951	15012	8586	3564	6720	2793	2651	2049	1963	1367	63014	1452	35914	1323	4350	9490	2957	5695	6304	39501	3178	13892
35942	61006	39901	58668	14815	8692	3579	6701	2743	2563	2098	1921	1403	62846	1476	36079	1352	4375	9572	2888	5655	6256	39754	3186	13991
36002	61198	39899	58473	14987	8733	3630	6764	2815	2613	2088	1917	1390	63008	1428	36078	1317	4368	9629	2861	5788	6256	39903	3178	13821
36062	61055	40134	58751	14968	8690	3605	6741	2806	2582	2039	1977	1410	62873	1480	36127	1323	4301	9712	2901	5758	6260	39582	3209	14003
36122	61491	40234	58855	14973	8714	3680	6677	2806	2647	2082	1964	1409	62844	1455	35925	1335	4323	9605	2861	5706	6237	39678	3177	14016
36182	61522	40053	58738	15042	8666	3615	6745	2772	2595	2043	1952	1360	62839	1463	35995	1370	4342	9641	2952	5669	6219	39956	3225	13914
36242	61143	40060	58593	15015	8718	3618	6749	2841	2604	2079	1961	1346	63214	1481	35870	1282	4396	9649	2889	5777	6289	40096	3232	14007
36302	61490	40326	58795	15074	8728	3644	6880	2810	2553	2096	1952	1405	62968	1425	35986	1348	4374	9777	2917	5713	6316	39801	3236	14020
36362	61273	40117	58925	15074	8717	3627	6696	2802	2623	2109	1974	1341	62744	1480	35896	1319	4421	9692	2868	5753	6318	40151	3201	13993
36422	61356	40522	58419	15104	8833	3669	6720	2828	2599	2095	1945	1383	63290	1447	36081	1327	4357	9619	2945	5771	6276	39990	3239	14028
36482	61431	40306	58881	15055	8806	3663	6750	2852	2594	2110	1947	1406	63058	1445	36202	1326	4423	9667	2914	5766	6342	39954	3195	14130
36542	61257	40967	59114	15232	8867	3664	6804	2856	2622	2107	1981	1375	63048	1441	36092	1350	4421	9675	2995	5765	6342	40331	3215	14015
36602	61322	41060	58873	15155	8931	3689	6797	2868	2586	2117	2007	1415	62786	1446	36283	1317	4424	9823	2924	5817	6360	40351	3249	14133
36662	61432	41035	58803	15119	8928	3708	6840	2812	2647	2135	1984	1382	63285	1487	36163	1327	4398	9713	2948	5745	6299	40434	3219	14099
36722	61402	40959	58899	15283	8929	3679	6864	2835	2606	2084	1981	1397	63157	1444	36079	1375	4340	9747	2885	5792	6357	40627	3238	14161
36782	61281	41122	58793	15084	8856	3630	6870	2854	2665	2095	1994	1373	63260	1437	35928	1374	4455	9693	2919	5724	6326	40360	3283	14124
36842	61412	40736	58815	15289	8948	3688	6834	2830	2633	2125	1985	1386	62892	1466	36048	1377	4435	9702	2885	5826	6391	40752	3234	14173
36902	61116	41311	58866	15364	9002	3620	6849	2858	2605	2123	1936	1395	63231	1429	36085	1372	4442	9756	2989	5793	6461	40476	3255	14269
36962	61305	41089	59041	15454	8984	3680	6952	2891	2743	2117	1934	1396	62736	1447	36039	1398	4440	9799	2954	5945	6445	40587	3243	14169
37022	61544	41309	58813	15284	8986	3710	6857	2915	2674	2161	2048	1414	63025	1425	36192	1339	4470	9831	3007	5914	6432	40757	3268	14158
37082	61424	41443	59262	15284	8992	3657	6944	2862	2700	2128	1957	1429	62966	1465	36168	1378	4402	9805	2995	5841	6426	40614	3231	14064
37142	60895	41579	58955	15405	8970	3719	6909	2879	2651	2104	2010	1418	63278	1425	35925	1374	4514	9845	2934	5912	6364	40725	3289	14302
37202	61560	41381	59022	15442	8994	3733	6906	2904	2618	2114	2004	1381	63220	1458	36100	1312	4513	9819	2927	5826	6436	40853	3274	14270
37262	61679	41707	59003	15434	9049	3752	7011	2866	2657	2160	1998	1395	62544	1464	36161	1365	4443	9788	2971	5870	6397	40904	3306	14223
37322	60953	41670	58617	15529	9100	3744	6950	2855	2702	2158	2032	1433	63114	1436	35958	1354	4512	9916	2965	5799	6449	40960	3263	14314
37382	61500	41908	58774	15454	9086	3711	6928	2843	2677	2135	1993	1415	63118	1451	36172	1348	4505	9912	2971	5880	6469	40883	3339	14385
37442	61126	42102	58712	15503	9072	3787	6980	2922	2748	2129	1991	1413	63176	1465	36023	1362	4567	9944	3032	5879	6455	41215	3315	14251
37502	61649	41811	58761	15615	9237	3704	7028	2887	2670	2153	1976	1409	63380	1476	36180	1368	4508	10009	2999	5905	6420	41154	3284	14262
37562	61538	42293	59043	15471	9170	3738	7061	2941	2728	2168	2034	1429	63249	1446	35753	1347	4553	9844	2996	5839	6420	41307	3336	14338
37622	61422	42186	58717	15456	9140	3800	6947	2926	2653	2167	1987	1391	63024	1476	36214	1351	4562	9887	2987	5957	6440	41220	3362	14440
37682	61207	42033	58864	15563	9304	3714	7046	2841	2735	2147	1994	1393	63225	1476	36004	1347	4522	9997	2967	5920	6549	41192	3295	14371
37742	61316	42429	59026	15410	9135	3713	6998	2957	2688	2205	1982	1402	63118	1463	35951	1387	4512	10136	3032	5967	6516	41265	3300	14277
37802	61398	42312	58816	15601	9200	3838	7043	2982	2712	2158	2037	1406	63210	1463	35926	1363	4558	10042	3004	5934	6485	41316	3315	14283
37862	61220	42847	58792	15663	9393	3799	7067	2903	2706	2121	2053	1394	63021	1493	36191	1349	4512	10091	2987	5932	6446	41355	3306	14450
37922	61281	42712	58892	15623	9378	3800	7089	2932	2714	2143	1999	1391	62957	1445	35958	1343	4593	10135	3057	5993	6453	41512	3339	14451
37982	61444	42566	58842	15589	9291	3851	7136	2907	2764	2177	2019	1389	63053	1480	36169	1336	4596	10024	2942	6024	6483	41122	3316	14527
38042	61324	42771	58775	15756	9370	3770	7138	2919	2743	2203	2006	1410	63124	1481	36002	1356	4595	10087	3020	5985	6571	41438	3313	14542
38102	61131	42745	58797	15647	9282	3764	7080	2929	2699	2180	2035	1416	62847	1449	36107	1347	4625	9956	3041	5875	6530	41249	3354	14374
38162	61159	42801	58774	15777	9427	3828	7084	2926	2731	2127	2012	1423	63065	1438	36135	1359	4559	10068	3028	5999	6449	41437	3269	14443
38222	61263	43032	58705	15827	9335	3811	7148	2908	2714	2172	2013	1421	63166	1472	36007	1376	4622	10138	3009	5936	6468	41586	3336	14573
38282	61425	43273	58851	15748	9370	3879	7085	2964	2706	2197	2049	1431	62867	1486	36119	1393	4583	9938	3044	6033	6566	41399	3284	14571
38342	61133	42978	58813	15935	9511	3901	7182	2932	2715	2238	2029	1416	63093	1525	36208	1331	4642	10108	3044	6018	6649	41990	3340	14513
38402	61433	43626	58962	15824	9374	3923	7156	2985	2729	2205	2085	1434	63200	1518	36008	1349	4595	10168	3010	6029	6575	42018	3343	14587
38462	61174	43492	58594	15816	9422	3844	7188	2953	2777	2193	2062	1414	63269	1493	36195	1363	4645	10246	3011	6016	6467	42108	3390	14575
38522	61310	43329	58921	15898	9452	3851	7189	2982	2741	2221	2051	1407	63350	1468	36004	1373	4636	10146	3055	5991	6661	42002	3339	14530
38582	61357	43354	58651	15916	9477	3901	7318	3017	2750	2245	1998	1432	63022	1498	36126	1334	4762	10204	3077	5930	6544	42192	3395	14522
38642	61545	43602	58851	15851	9478	3908	7240	3027	2798	2203	2044	1395	63047	1511	36088	1420	4680	10135	3087	5952	6638	42247	3389	14506
38702	61338	43649	58790	15985	9420	3901	7248	2938	2777	2194	2040	1429	62978	1500	36154	1358	4707	10263	3059	6103	6622	41852	3322	14619
38762	61118	43822	58932	16187	9423	3854	7241	2959	2833	2201	2041	1401	63139	1500	36242	1377	4677	10192	3060	6008	6698	42195	3346	14530
38822	61382	44007	58900	15958	9552	3891	7281	2974	2799	2148	2085	1432	62899	1455	36324	1352	4687	10239	3094	6097	6544	42064	3406	14673
38882	61353	43521	58755	16130	9549	3935	7264	3026	2791	2226	2048	1432	63165	1464	36056	1333	4654	10235	3126	6101	6611	42277	3386	14711
38942	61169	43866	58922	16104	9667	3883	7237	3081	2753	2218	2048	1413	63217	1472	35980	1355	4759	10137	3084	6039	6760	42334	3337	14604
39002	61727	44050	58741	16072	9545	3902	7362	3010	2825	2156	2077	1498	63085	1456	36210	1407	4710	10108	3083	5987	6599	42301	3379	14734
39062	61316	44168	58746	16096	9509	3891	7289	3018	2773	2158	2059	1453	62892	1474	36098	1372	4639	10353	3058	6021	6611	42542	3318	14700
39122	61387	44281	58704	16104	9636	3949	7281	3057	2782	2243	2055	1462	63179	1477	36206	1396	4736	10341	3137	6081	6662	42365	3337	14510
39182	61450	44398	58681	16221	9732	3919	7391	2976	2792	2225	2068	1449	62979	1455	36035	1376	4714	10183	3043	6040	6683	42493	3381	14741
39242	61179	44542	58812	16062	9706	3943	7338	3033	2783	2258	2079	1443	62943	1503	36161	1384	4731	10358	3084	6111	6663	42615	3400	14656
39302	61153	44519	58611	16273	9730	3929	7288	2992	2770	2191	2059	1440	62907	1486	36023	1337	4717	10360	3078	6093	6771	42734	3357	14697
39362	61271	44442	58938	16284	9713	3966	7347	2975	2788	2183	2043	1438	62967	1534	36283	1381	4733	10406	3127	6133	6764	42722	3411	14767
39422	61241	44364	58783	16235	9771	3932	7356	3082	2828	2246	2044	1442	62938	1534	36144	1388	4767	10449	3129	6115	6722	42893	3431	14762
39482	60861	44548	58800	16150	9744	4048	7242	3034	2755	2254	2080	1433	63079	1478	36094	1339	4748	10372	3151	6058	6695	42709	3406	14875
39542	60836	44843	58896	16282	9719	3987	7349	3008	2840	2238	2047	1467	63033	1490	35975	1399	4803	10449	3153	6168	6790	42617	3391	14736
39602	61287	45118	59047	16338	9692	4015	7415	3018	2789	2303	2105	1436	62842	1513	35964	1388	4744	10345	3153	6165	6697	42881	3397	14725
39662	61097	44902	59081	16332	9877	3967	7452	3068	2798	2267	2075	1478	62856	1444	36045	1409	4791	10410	3208	6138	6762	43032	3334	14978
39722	61160	45194	59105	16452	9835	3997	7544	3096	2849	2273	2113	1472	63142	1505	36236	1371	4811	10543	3085	6124	6805	43045	3371	14737
39782	61295	45335	58699	16306	9786	4002	7392	3044	2783	2307	2079	1431	63073	1531	36140	1391	4771	10501	3143	6196	6760	43076	3448	14757
39842	61453	45557	58685	16361	9950	4043	7428	3094	2800	2307	2098	1413	62907	1521	36139	1336	4748	10551	3174	6180	6754	43082	3469	14967
39902	61298	45192	58908	16453	9891	4040	7489	3010	2885	2211	2093	1448	62747	1514	35941	1414	4816	10420	3132	6155	6842	43134	3381	14842
39962	60700	45111	59066	16352	9925	3990	7520	3000	2892	2239	2107	1412	63083	1469	36034	1323	4876	10478	3192	6103	6832	43128	3478	14815
40022	61472	45407	58635	16363	9826	4041	7525	3089	2846	2225	2095	1403	63016	1498	36056	1375	4889	10574	3139	6088	6756	43366	3448	14884
40082	61082	45698	59047	16580	10057	4015	7489	3114	2835	2214	2143	1460	62826	1497	36018	1371	4811	10461	3149	6222	6850	43307	3388	14991
45523	81813	83331	81750	73170	68142	63836	66578	58660	60488	60697	58614	59413	84908	64282	74432	63030	61334	66565	56166	58973	63105	72390	58123	61146
45583	81343	82353	80679	72884	68617	64333	67213	59527	61043	61019	58957	59706	83393	64984	74354	64230	62326	67602	57731	61303	64582	72494	60476	63175
45643	79677	81924	79319	72767	68251	63348	67583	59789	61462	60942	58666	59820	81840	65241	73432	64667	62417	68300	58395	62614	65143	72047	61758	63692
45703	78674	81483	78249	72452	67471	63491	66978	59850	61445	60658	58455	59524	80418	65353	73436	64047	62200	68351	58532	62995	65062	71345	61965	64144
45763	76990	79983	76815	71882	66800	62640	66801	59136	60980	59991	57849	58898	78685	64501	72342	64155	62314	67688	58103	63079	64678	70912	62002	64199
45823	75824	79392	75959	70772	66451	62374	66479	58303	60178	59382	57267	58484	77985	64402	71965	64173	61589	67389	58082	62830	64366	69776	61881	63893
45883	74427	78405	74870	70452	65554	61387	65705	57589	58974	58476	56323	57572	76216	63784	71402	62858	61003	66674	57291	62465	63962	69259	61780	63476
45943	73394	77912	74021	69646	65060	60981	64870	56537	58394	58132	55913	56912	75464	63003	70343	62874	59918	66221	57099	61783	62975	68200	61419	62673
46003	72773	77006	73080	68893	64102	59693	64129	55984	57312	56964	54888	55704	74280	62613	69611	61840	59354	66010	56542	61536	62538	66884	61093	61996
46063	71835	76404	72155	68528	63080	58866	63605	55151	56450	56274	53821	54927	73317	61863	69118	61514	58456	65351	55757	61378	61926	66597	60315	61710
46123	70851	75561	71377	67915	62638	58070	63085	54678	55940	55275	53075	54176	72159	61382	67902	60953	57922	64480	55323	60423	61308	66336	59631	61466
46183	70309	75565	70498	67339	61903	57114	62413	53815	55151	54316	52269	53513	71513	60769	67850	60127	57594	63765	54643	60220	60794	65786	59415	60501
46243	69141	74343	70116	66850	61034	56509	61697	52882	54264	53630	51597	52706	70584	60150	67085	59704	56353	63744	54486	59790	60408	64691	58749	60448
46303	68435	73677	69070	66182	60681	55634	61478	52500	53650	53521	50777	52012	69875	59975	66453	59270	56219	63055	53600	59609	60440	64398	58123	60064
46363	67584	73436	68829	65685	59744	54890	60596	51750	53146	52592	50448	51605	69646	59501	66245	58887	55177	62504	53257	59183	59645	63658	58107	59337
46423	66821	72825	68400	65568	59444	53703	60015	51492	52190	51509	49635	50630	68614	58834	65555	58083	55025	61935	52184	58744	59615	63584	57868	59411
46483	66953	72187	67624	65386	58656	53103	59519	50778	51606	50865	49323	49933	68131	58364	65485	57693	54218	61740	51884	58313	59347	62937	57457	58676
46543	66258	72053	67124	64721	58046	52826	59142	49893	51097	50540	48667	49422	67420	57662	64718	57412	53951	61081	51614	58167	58808	62582	57307	58965
46603	65826	71244	66848	64613	57699	52329	58705	49739	50694	49874	48216	49132	66458	57851	64076	57191	53388	60555	51048	57683	58533	62492	56519	58673
46663	64862	71241	66478	64228	57465	52174	58505	49254	50358	49600	47762	48375	66616	57673	63839	57070	53050	60682	51000	57451	58436	61965	56622	58189
46723	64881	70665	65841	63901	56719	50987	57845	48985	49376	49261	47311	47988	66145	57047	63545	56715	52746	59950	50094	56964	58265	61591	56066	57692
46783	64314	70071	65503	63318	56611	50760	57494	48355	48914	48152	46891	47662	65482	56434	63108	56145	52297	59888	49790	56991	57910	61362	55828	57705
46843	64358	70067	65134	63203	55793	50390	57202	48242	48834	48031	46838	47201	65383	56411	62782	55806	52018	59904	49416	56584	57980	61210	55930	57446
46903	63570	69256	64957	62982	55492	49612	56591	47753	48515	47304	46018	46779	64879	56091	62745	55844	51613	59193	49448	56671	57417	60541	55331	57284
46963	63429	69543	64672	62711	55257	49195	56251	47575	47845	47012	45665	46242	64434	56143	62363	55028	51071	59279	49032	56070	57288	60966	55394	57367
47023	63247	69547	64191	62648	54771	48901	56033	47150	47884	46642	45263	46107	64295	55619	62091	55349	50960	59243	48910	56105	57143	60269	55005	56856
47083	63046	68923	63979	62263	54578	48598	55586	46608	47023	46185	45046	45376	64115	55352	62093	54936	50541	59009	48600	55923	57325	60362	54965	56734
47143	62598	68605	63856	62201	53706	47930	55321	46377	47026	45622	44696	45461	63310	55137	61656	54585	50429	58431	48103	55866	56733	60114	54824	56900
47203	62475	68485	63392	61747	53861	48027	54926	46212	46752	45531	44484	45172	63447	54882	61383	54577	50093	58164	47935	55613	56815	60068	54828	56528
47263	62441	68137	63370	61644	53495	47552	54937	45964	46436	45271	44133	44708	63476	54783	61313	54576	49932	58152	47898	55395	56509	60086	54643	56848
47323	62147	68047	62928	61592	53105	47469	54422	45706	45908	45187	43661	44460	63122	54764	60871	54406	49274	57903	47295	55283	56514	59693	54563	56473
47383	61722	68395	62987	61238	52966	47351	54391	45266	45910	44973	43444	44403	62800	54617	61017	53953	49335	58039	47074	54996	56242	59760	54238	55999
47443	61688	67910	62794	61203	52691	46933	54033	45218	45287	44713	43130	44098	63134	53967	60828	53680	49108	57735	47009	54886	56340	59705	53802	56128
47503	61538	67376	62902	61016	52380	46646	53993	44934	45229	44337	43008	43893	63020	54259	60898	53990	48635	57793	46628	54986	55990	59567	53792	56030
47563	61334	67044	62509	61001	52346	46426	53526	44747	44748	44743	42753	43460	62556	54230	60720	53626	48666	57560	46419	54582	56022	59093	53676	56407
47623	60955	67052	62470	61154	52069	46148	53290	44470	44722	44070	42753	43385	62444	53806	60550	53373	48405	57987	46373	54963	55757	59222	53854	56079
47683	61261	67220	62380	60975	51679	46114	53024	44307	44260	43663	42468	43499	62257	53799	60574	53355	48344	57249	46288	54711	55628	59416	53904	56064
47743	60863	66818	62493	60674	51504	45629	53037	44091	44669	43497	42155	43100	62188	53423	60598	53184	47849	57411	45869	54516	55828	59754	53924	55736
47803	60967	67163	62088	60653	51561	45683	52646	43841	44167	43181	42315	42726	62136	53435	60270	53194	47644	57790	45905	54319	55680	59144	53584	55582
47863	60798	66846	62134	60326	51076	45526	52474	43734	43889	43112	41952	42676	62371	53205	59919	53079	47654	57230	45683	54351	55295	58931	53794	55567
47923	61249	66964	62211	60491	51127	45598	52414	43733	43868	43272	41912	42500	61859	53129	60492	53107	47568	57278	45772	54591	55671	58671	53995	55948
47983	60930	66235	62079	60642	50995	45364	52451	43633	43683	42866	41738	42604	62082	53246	60163	52576	47404	57148	45450	54543	55612	58677	53350	55722
48043	60961	66820	61917	60079	50720	45115	52022	43363	43512	43153	41409	42335	61747	53093	60012	52787	47418	57177	45203	54109	55593	58692	53303	55753
48103	60109	66528	61855	59886	50836	44884	51867	43399	43553	42592	41438	42250	61668	53041	59956	52484	47103	57200	45009	54320	55304	58624	53291	55360
48163	60806	66835	61683	60505	50392	44987	52087	43306	43185	42663	41420	42295	61745	52973	59953	52526	46804	57062	44820	54040	55165	58823	53191	55423
48223	60637	66483	61924	59998	50580	44625	51636	43022	43166	42429	41317	42008	61698	52819	60063	52436	46834	56807	44864	53929	55338	58971	53086	55475
48283	60253	66026	61783	59965	50168	44522	51416	43145	43257	42318	41235	41903	61456	52514	59979	52251	46811	57044	44675	53923	55063	58754	52987	55320
48343	60614	66407	61664	60286	50158	44603	51460	42694	42882	42426	40936	41920	61619	52511	59620	52315	46446	57065	44864	53990	55087	58841	53374	55081
48403	60424	66154	61924	59774	49702	44501	51573	42937	42975	42239	40972	41825	61589	52440	60236	51951	46321	56908	44862	53889	55095	58118	53223	55785
48463	60109	65917	61463	60198	49961	44351	51333	42822	42899	42456	40887	41909	61349	52281	59956	52079	46093	56910	44620	53790	54828	58484	53122	55580
48523	60209	65847	61626	59658	50106	44333	51123	42550	42821	42106	40957	41523	61561	52494	59903	52022	46084	56976	44358	53723	54894	58520	53211	55442
48583	60362	65950	61493	59965	49800	44289	51084	42699	42799	42032	40792	41484	61421	52180	60000	51890	46490	56899	44277	53875	54683	58533	52951	55275
48643	60255	66473	61688	59669	49640	44169	50771	42914	42699	41945	40579	41698	61375	52196	59769	51987	46184	56546	44627	53826	54905	58510	53112	55637
48703	60600	65673	61713	59723	49886	44121	51140	42328	42421	41702	40776	41460	61065	52100	59644	51462	46007	56239	44179	53188	54656	58442	52816	55234
48763	59933	66291	61252	60129	49459	44012	51059	42475	42465	41588	40808	41340	61300	52310	59763	51659	45908	56427	44340	53759	54617	58339	53043	55219
48823	59866	65985	61193	59740	49365	43830	50711	42352	42488	41802	40445	41482	61546	52015	59639	51806	45997	56233	44359	53701	54764	58606	52447	55194
48883	60015	66255	61414	59504	49552	44042	50380	42382	42422	42185	40475	41188	61396	52019	59902	51707	45778	56706	44287	53559	54978	58674	52697	55605
48943	60255	66281	61480	59633	49128	43942	50518	42204	42135	41581	40581	41205	61574	51612	59895	51647	45800	56376	44056	53669	54518	58247	52733	55458
49003	60143	65694	61670	59618	49234	43793	50665	42388	42128	41814	40404	40926	60985	51841	59773	51477	45800	56684	43960	53419	54813	58508	52729	55473
49063	59744	65787	61133	59371	48971	43684	50566	41893	42168	41591	40123	40725	61428	51905	59615	51330	45595	56315	43683	53311	54536	58107	52478	55386
49123	60139	65574	61092	59472	48933	43630	50093	41917	42050	41426	40124	41067	61240	51734	59804	51291	45626	56403	43798	53440	54401	58383	52530	55232
49183	59871	65676	61302	59230	48864	44062	50402	42178	42401	41533	40320	41113	61161	51951	59510	51617	45618	56263	43982	53105	54805	58768	52731	55096
49243	60046	65470	61238	59792	48985	43838	50258	42046	42271	41283	40164	40971	61453	51781	59826	51157	45459	56124	43951	53274	54336	58269	52434	55425
49303	59649	65775	61145	59385	48732	43659	50306	42240	42049	41547	40194	41256	60987	51725	59622	51287	45278	56497	44007	53671	54283	58324	52743	55452
49363	59697	65362	61141	59489	48942	43509	50288	41783	41847	41116	40334	40895	61204	51588	59654	51197	45370	56325	43573	53595	54393	58414	52527	55155
49423	59969	65329	61177	59441	48612	43885	50184	42002	41711	41405	40252	40833	61244	51563	59929	50937	45593	55892	43821	53365	54180	58808	52629	55148
49483	59931	65638	61143	59722	48770	43839	50209	41905	41903	41291	40132	40830	61299	51604	59702	50944	45401	56134	43904	53286	54230	58446	52886	55356
49543	60117	65324	61132	59029	48803	43786	50110	41686	41833	41415	40111	40858	60891	51482	59641	51006	45287	56125	43499	53389	54325	58570	52165	55109
49603	59864	65833	61223	59310	48789	43563	49910	41840	41815	41576	40266	40913	61027	51537	59615	51131	45184	56333	43900	53387	54186	58342	52432	55374
49663	60091	65265	61265	59618	48643	43512	50144	42063	41921	41327	39856	40893	61277	51224	59739	51185	45197	56544	43518	53221	53948	58541	52413	55435
49723	59645	65727	61400	59197	48764	43319	50085	41934	41884	41120	40061	40439	61134	51419	59780	50715	45362	56310	43631	53310	54464	58791	52411	55109
49783	59815	65651	61157	59671	48827	43616	49954	42034	41693	41305	39769	40545	61048	51377	59989	50982	45086	56317	43393	53400	54230	57896	52202	55301
49843	60014	65224	61117	59217	48767	43462	49917	41887	41575	41275	40344	40576	61155	51144	59786	50894	45167	56363	43411	53096	54190	58478	52297	55390
49903	59927	65810	61271	59444	48570	43444	49769	41700	41736	41161	39833	40657	61192	51397	59841	50722	45218	56026	43353	53222	54203	58323	52322	55252
49963	60109	65285	61027	59017	48355	43445	49842	41941	41641	40899	39706	40566	61271	51347	59479	50749	45178	56379	43469	52915	54071	58624	52416	54983
50023	59987	65370	61036	59300	48416	43168	49897	41707	41814	40927	39745	40665	61388	51224	59568	50737	45360	56216	43329	53329	54432	58258	52406	55061
50083	59771	65630	61072	59265	48394	43270	49396	41634	41424	41018	39834	40761	61110	51131	59754	50726	44913	55715	43662	53327	54215	58051	52171	55314
50143	59713	65031	61282	59283	48600	43031	49529	41496	41818	41136	39901	40395	60965	50955	59736	50655	45059	56154	43162	53032	54072	58483	51985	55237
50203	60208	65614	61191	59271	48202	43152	49642	41776	41577	41379	39865	40516	60879	51352	59556	50550	45020	55853	43316	53110	54038	58604	51908	55301
50263	60179	65199	61148	59254	48474	43459	49512	41640	41781	41334	39857	40420	61085	51208	59854	50410	45052	55893	43217	53022	53760	58151	52045	55476
50323	59721	65236	61176	59109	48272	43214	49553	41551	41680	40959	39885	40739	60894	50896	59208	50485	45109	55946	43159	52938	54072	58372	52398	55324
50383	59841	65668	60906	59047	48528	43340	49211	41443	41661	41012	39828	40617	60998	50713	59220	50565	45282	55967	43371	53156	53964	58365	52308	55291
50443	59866	65449	60950	58991	48488	43413	49243	41897	41512	40953	39816	40487	61214	51132	59463	50454	44981	55836	43226	53148	54021	58070	52283	55391
50503	59802	65345	61159	58816	47862	43023	49182	41761	41510	40854	39820	40547	61240	50770	58955	50538	44973	55700	43186	52997	53912	58236	51563	55194
50563	59986	65067	60683	59096	48337	43198	49830	41702	41588	40936	39628	40417	60957	51022	59471	50159	44925	55749	43361	52844	54031	58261	51922	54872
50623	59956	65197	61142	59289	47876	43177	49492	41577	41708	41200	39559	40454	60995	51270	59283	50466	44858	55995	43153	53076	53692	58113	52033	55151
50683	59600	65087	60996	59192	48011	42969	49137	41537	41595	41025	39574	40453	61392	50926	59571	50401	45002	55938	43039	53291	53863	58498	51905	55465
50743	59516	65469	61116	59281	48178	43134	49236	41629	41288	41090	39700	40548	61045	50731	59330	50198	44929	55732	43404	52931	53464	58268	51858	55157
50803	59859	65365	61197	59193	48513	43152	49271	41761	41519	41030	39563	40343	61264	50542	59790	50122	45061	55627	43280	53226	53579	58318	52064	54912
50863	59654	65095	61329	58998	47998	42978	49288	41611	41662	40834	39842	40389	61031	50711	59783	50352	45212	55695	43284	53126	53401	58376	51998	55343
50923	59792	65293	61020	59353	48379	43342	49311	41536	41330	41007	39473	40601	60917	50729	59560	50284	44975	55645	43006	53133	53660	58255	52091	55166
50983	59515	65322	61403	59171	48262	42951	49502	41545	41551	40926	39598	40196	60778	50612	59422	50491	44888	55643	43181	52823	53645	58384	52045	55410
51043	59703	64929	60917	59250	48241	43105	49141	41734	41178	40815	39823	40547	61096	50512	59543	50070	45051	55675	43295	52901	53557	58236	51906	55387
51103	59589	65298	60927	59120	48289	42945	49472	41348	41356	40883	39578	40093	60958	50614	59288	50358	44964	55728	43225	52703	53682	58187	51601	55395
51163	60117	65102	61085	59037	48206	43109	49358	41458	41241	41071	39742	40379	61053	50885	59418	50159	44973	55754	43610	52768	53549	58349	51775	55379
51223	59700	65220	61204	58948	48173	43005	49195	41527	41399	40904	39651	40334	61225	50614	59820	50069	44807	55709	43329	52959	53316	58365	51850	55299
51283	59920	65445	61056	59222	48287	43250	49263	41756	41284	40988	39729	40348	61095	50744	59687	50160	44725	55971	43379	53128	53589	57891	51911	55364
51343	59319	65374	61180	58879	48376	43151	49287	41293	41404	40838	39652	40330	60938	50679	59320	49994	44854	55450	42919	52777	53425	58188	51916	54962
51403	59625	65438	61330	59084	48043	43126	49428	41606	41054	40878	39798	40451	60888	50559	59695	50059	44952	55802	43191	52433	53480	58541	51634	55358
51463	59838	65419	60901	59031	48614	42792	49190	41780	41254	41047	39442	40231	61180	50742	59349	49749	44872	55465	43319	52675	53735	58350	51760	55073
51523	59552	65203	61188	59031	48054	42795	49154	41643	41292	41023	39543	40409	61244	50319	59457	50118	45118	55625	43184	52652	53541	58178	51403	55241
51583	60162	65442	61192	59093	48069	42979	49013	41758	41170	40901	39683	40136	60886	50529	59571	50157	44528	55446	43366	52912	53303	58153	51853	55419
51643	59909	64849	61261	59146	48442	43207	49296	41389	41220	40983	39542	40437	61175	50453	59703	50005	44746	55925	43054	52837	53166	58078	51414	55386
51703	59802	64807	61329	58930	48267	43078	49157	41492	41234	41002	39765	40153	60909	50604	59517	50196	44631	55674	43355	52661	53318	58104	51597	55408
51763	59784	65185	61125	59029	48262	42991	49367	41725	41291	40765	39597	40327	60974	50486	59680	49885	44657	55727	43172	53164	53620	58400	51819	55224
51823	59795	64577	60839	58821	48691	43049	49182	41475	41386	40644	39473	40201	60940	50714	59519	49801	44878	55274	43155	52694	53437	58308	51769	55214
0																								
0																								

